0 0.856967 0.826988 0.052003 0.034219
0 0.935192 0.846241 0.052486 0.039080
0 0.870526 0.868958 0.058665 0.038958
0 0.758757 0.910842 0.058366 0.038073
0 0.686790 0.965712 0.063523 0.043299
0 0.643729 0.738038 0.058026 0.034340
0 0.674574 0.865677 0.058636 0.037326
0 0.448587 0.756328 0.056179 0.038073
0 0.371911 0.596024 0.043338 0.025660
0 0.325369 0.802899 0.030568 0.049063
0 0.971044 0.945747 0.057713 0.034688
0 0.961307 0.913698 0.059830 0.030174
0 0.741683 0.866693 0.059787 0.038524
0 0.544134 0.593255 0.048352 0.027830
0 0.471818 0.689427 0.046080 0.029549
0 0.537294 0.679106 0.048366 0.033455
0 0.632891 0.671580 0.046037 0.025104
0 0.824517 0.744106 0.049688 0.032969
0 0.689034 0.657917 0.045170 0.031215
0 0.533643 0.712283 0.044702 0.034010
0 0.766200 0.972743 0.069616 0.036458
0 0.656037 0.819991 0.056392 0.034705
0 0.664893 0.780469 0.060753 0.040451
0 0.719716 0.822882 0.060739 0.035660
