0 0.961712 0.913481 0.059844 0.030469
0 0.825476 0.744002 0.048168 0.030260
0 0.543452 0.593082 0.046278 0.030955
0 0.212479 0.736033 0.055639 0.032240
0 0.471946 0.688924 0.046165 0.027708
0 0.537280 0.679106 0.049048 0.032240
0 0.248175 0.517240 0.040724 0.023403
0 0.127834 0.639540 0.042486 0.029670
0 0.657237 0.820226 0.052855 0.038368
0 0.860135 0.697040 0.037202 0.030295
0 0.688991 0.658299 0.045028 0.032396
0 0.323807 0.802882 0.026591 0.047847
0 0.534943 0.711979 0.051705 0.034028
0 0.834020 0.638759 0.041790 0.025365
0 0.961222 0.727995 0.046307 0.028559
0 0.973224 0.753220 0.046534 0.032517
0 0.969879 0.945720 0.056804 0.035191
0 0.856619 0.827049 0.049886 0.030035
0 0.688686 0.964601 0.059844 0.039618
0 0.675256 0.865009 0.056335 0.035747
0 0.743161 0.865347 0.058480 0.035069
0 0.869247 0.869045 0.063466 0.038437
0 0.757507 0.910191 0.061804 0.037083
0 0.768281 0.971910 0.068949 0.035069
0 0.720533 0.819149 0.058480 0.039792
0 0.934915 0.847144 0.052415 0.031059
0 0.501555 0.750321 0.049702 0.033038
0 0.642820 0.737387 0.053821 0.030851
