0 0.632315 0.686658 0.049574 0.028559
0 0.613516 0.753880 0.053935 0.039705
0 0.676321 0.865139 0.053892 0.038646
0 0.687798 0.964905 0.061619 0.041788
0 0.758281 0.908524 0.059006 0.037535
0 0.870327 0.869844 0.065824 0.037604
0 0.804062 0.828576 0.047898 0.055382
0 0.543359 0.591649 0.047202 0.030903
0 0.537159 0.678212 0.049119 0.031493
0 0.688580 0.657517 0.044830 0.029722
0 0.721534 0.822648 0.058068 0.037448
0 0.655959 0.817465 0.051690 0.037361
0 0.960518 0.914740 0.062798 0.033403
0 0.967905 0.944089 0.061321 0.034323
0 0.823949 0.742300 0.045341 0.029045
0 0.856264 0.827049 0.052727 0.030486
0 0.742642 0.865608 0.054915 0.031215
0 0.168345 0.730217 0.052997 0.030434
0 0.534751 0.712066 0.047912 0.029271
0 0.247827 0.517691 0.040256 0.022639
0 0.130774 0.639601 0.046974 0.027882
0 0.374112 0.593707 0.043452 0.025608
0 0.690107 0.702752 0.045781 0.027969
0 0.810291 0.709462 0.045781 0.027396
0 0.768175 0.971832 0.065128 0.036024
0 0.482095 0.509557 0.038793 0.022587
