0 0.534027 0.711007 0.046179 0.033125
0 0.740952 0.865885 0.060682 0.036632
0 0.675859 0.866762 0.054787 0.034913
0 0.720334 0.821944 0.056548 0.038160
0 0.658033 0.821580 0.055668 0.037431
0 0.869659 0.868741 0.058920 0.039601
0 0.686754 0.965764 0.058906 0.039965
0 0.756868 0.910286 0.059474 0.040017
0 0.767308 0.974401 0.066861 0.038524
0 0.933963 0.848194 0.050170 0.035417
0 0.857344 0.828411 0.052699 0.028316
0 0.642663 0.736363 0.052287 0.031615
0 0.537223 0.679167 0.049901 0.030174
0 0.631286 0.670451 0.045071 0.025208
0 0.472962 0.689583 0.044503 0.026771
0 0.324141 0.801667 0.030099 0.049028
0 0.127244 0.639410 0.041705 0.029028
0 0.543487 0.591762 0.047088 0.030503
0 0.689609 0.657257 0.044560 0.030174
0 0.858516 0.696623 0.039702 0.028003
0 0.828217 0.778915 0.054474 0.033281
0 0.961222 0.915920 0.062045 0.037917
0 0.932798 0.667804 0.042017 0.027066
0 0.959403 0.726875 0.047869 0.031528
0 0.945014 0.687257 0.039972 0.023646
