0 0.869418 0.868932 0.060653 0.039149
0 0.481875 0.511502 0.039375 0.020920
0 0.247230 0.518316 0.040170 0.026111
0 0.544247 0.591918 0.046165 0.027240
0 0.373303 0.595095 0.044446 0.022969
0 0.960497 0.727769 0.042727 0.027170
0 0.859212 0.696424 0.033338 0.027153
0 0.322869 0.802457 0.029063 0.051198
0 0.962209 0.913906 0.058736 0.031215
0 0.823984 0.744540 0.046605 0.031302
0 0.473459 0.687595 0.045327 0.026580
0 0.631747 0.670408 0.047869 0.026441
0 0.690220 0.658741 0.043423 0.031198
0 0.857500 0.825729 0.053636 0.031215
0 0.934112 0.847613 0.056179 0.035851
0 0.742259 0.865495 0.056818 0.035816
0 0.536967 0.678993 0.048054 0.030000
0 0.533729 0.712526 0.044986 0.030399
0 0.560312 0.772092 0.054517 0.032899
0 0.642109 0.737509 0.053849 0.031233
0 0.720661 0.822075 0.054190 0.037066
0 0.658125 0.820200 0.058608 0.035816
0 0.674624 0.866250 0.058338 0.037014
0 0.768885 0.973481 0.068168 0.037483
0 0.765987 0.940582 0.059645 0.031649
0 0.687770 0.966398 0.062699 0.038316
0 0.758487 0.911840 0.058281 0.035833
