1 0.215851 0.955184 0.102547 0.089361
0 0.299019 0.681928 0.046981 0.041445
0 0.232483 0.792274 0.031825 0.053868
0 0.751617 0.866811 0.060802 0.043608
0 0.764938 0.939158 0.069699 0.051659
0 0.686197 0.943904 0.065509 0.049682
0 0.364931 0.718496 0.048721 0.039470
0 0.429852 0.799116 0.047113 0.057477
0 0.505018 0.794770 0.089333 0.062640
0 0.739525 0.825503 0.065659 0.042094
0 0.202247 0.635213 0.045617 0.033125
0 0.355435 0.807832 0.030909 0.058156
0 0.270215 0.794328 0.033056 0.062520
0 0.389523 0.809172 0.034106 0.060346
0 0.547483 0.774420 0.060348 0.043219
0 0.321568 0.800013 0.032871 0.068563
0 0.196316 0.785420 0.035591 0.068481
0 0.149414 0.616153 0.044923 0.033687
0 0.899321 0.922932 0.058851 0.039847
