1 0.216146 0.955002 0.102705 0.089360
0 0.298759 0.681756 0.047165 0.040648
0 0.686279 0.943441 0.065913 0.049519
0 0.751734 0.866612 0.060535 0.043276
0 0.764830 0.938754 0.069302 0.051383
0 0.232424 0.792251 0.032310 0.054236
0 0.504519 0.793851 0.087020 0.057807
0 0.739327 0.825528 0.065892 0.041580
0 0.270203 0.794401 0.033125 0.062093
0 0.201722 0.634712 0.044476 0.031428
0 0.355509 0.806838 0.031106 0.058673
0 0.899798 0.922798 0.057140 0.038852
0 0.408864 0.760768 0.043458 0.041774
0 0.365441 0.717910 0.047225 0.037440
0 0.321449 0.800124 0.033366 0.068267
0 0.148967 0.615266 0.044649 0.033324
