1 0.215788 0.954883 0.103892 0.090233
0 0.751567 0.866791 0.060227 0.043454
0 0.764831 0.938926 0.069234 0.051089
0 0.298389 0.681666 0.047435 0.041750
0 0.232253 0.792918 0.031266 0.052971
0 0.686343 0.943965 0.065352 0.050148
0 0.364407 0.718219 0.049010 0.039775
0 0.219758 0.714491 0.052726 0.045133
0 0.505260 0.794238 0.089499 0.061272
0 0.429839 0.798797 0.047515 0.059268
0 0.739300 0.824790 0.066142 0.043018
0 0.355121 0.807044 0.031126 0.059992
0 0.389147 0.808614 0.033925 0.060921
0 0.270183 0.794764 0.032717 0.061841
0 0.163629 0.790085 0.039690 0.066205
0 0.195238 0.785845 0.036518 0.067858
1 0.576138 0.726797 0.029567 0.052077
1 0.081980 0.481971 0.027253 0.037270
0 0.201491 0.634134 0.043967 0.033008
1 0.505231 0.795406 0.092315 0.064140
