0 0.764397 0.939807 0.068362 0.050187
0 0.504655 0.795348 0.087872 0.060596
1 0.215465 0.956039 0.103253 0.087923
0 0.751444 0.867499 0.059628 0.041412
0 0.298809 0.681742 0.048566 0.041818
0 0.364530 0.718729 0.047410 0.038985
1 0.119879 0.439015 0.023564 0.030445
1 0.163500 0.789597 0.042476 0.060503
0 0.212883 0.737838 0.088540 0.053384
0 0.685846 0.944626 0.064696 0.049276
0 0.215389 0.739229 0.078061 0.073050
0 0.740083 0.826051 0.067278 0.039631
0 0.389021 0.809395 0.034283 0.060503
0 0.270351 0.795434 0.032367 0.061826
0 0.232335 0.793785 0.031099 0.052716
0 0.429716 0.800224 0.046634 0.058186
