1 0.215905 0.955440 0.101876 0.089120
0 0.764811 0.938929 0.069272 0.051168
0 0.751000 0.866626 0.060135 0.043694
0 0.686210 0.943147 0.065486 0.049005
0 0.232047 0.792438 0.031846 0.053652
0 0.298410 0.681201 0.046575 0.041304
0 0.318834 0.748693 0.056561 0.045434
0 0.429562 0.798766 0.047374 0.058249
0 0.504202 0.793569 0.087635 0.058330
0 0.739034 0.825309 0.065309 0.041754
0 0.364653 0.718259 0.048476 0.038385
0 0.354852 0.807317 0.030385 0.058946
0 0.269885 0.794581 0.032308 0.062381
0 0.389180 0.808208 0.034106 0.061702
0 0.201776 0.634293 0.044532 0.031739
0 0.321314 0.800994 0.032141 0.066284
0 0.899277 0.922905 0.059236 0.040239
