1 0.215835 0.955545 0.101389 0.088910
0 0.298909 0.681863 0.046827 0.041654
0 0.765103 0.939116 0.069280 0.051318
0 0.686123 0.943331 0.065835 0.049639
0 0.751784 0.866803 0.060585 0.043088
0 0.198438 0.712535 0.049104 0.042513
0 0.232169 0.792512 0.031657 0.053770
0 0.365059 0.718433 0.049025 0.039045
0 0.739260 0.825474 0.065676 0.041824
0 0.429768 0.799053 0.047241 0.057713
0 0.504841 0.794575 0.088991 0.062485
0 0.270517 0.794348 0.032133 0.063552
0 0.355402 0.807219 0.030390 0.058793
0 0.389389 0.808523 0.033825 0.061280
1 0.022015 0.562726 0.033238 0.043691
0 0.194467 0.785593 0.034664 0.067405
0 0.163826 0.789129 0.039537 0.065547
1 0.063521 0.507143 0.027639 0.035325
0 0.201685 0.633857 0.044013 0.031382
0 0.899358 0.923497 0.057720 0.039612
0 0.321402 0.800442 0.032644 0.067259
0 0.172246 0.896475 0.070330 0.072078
