1 0.216178 0.955785 0.102479 0.088430
0 0.504428 0.796180 0.087812 0.060101
0 0.765283 0.939814 0.068920 0.050880
0 0.751208 0.868041 0.059935 0.042379
0 0.299085 0.682930 0.048662 0.041003
0 0.686085 0.944357 0.064062 0.048483
0 0.232016 0.794871 0.030963 0.052982
0 0.061846 0.690457 0.053637 0.042131
0 0.243051 0.723735 0.049061 0.044374
0 0.364735 0.718995 0.047614 0.038514
0 0.270586 0.794614 0.032651 0.062515
0 0.430067 0.800441 0.047343 0.058844
0 0.164203 0.790438 0.039396 0.065869
0 0.201402 0.634680 0.043859 0.030911
0 0.355209 0.806311 0.031269 0.060104
0 0.739499 0.826136 0.068043 0.040444
0 0.389677 0.808807 0.034219 0.060628
0 0.162443 0.738095 0.053904 0.037936
0 0.195406 0.786614 0.035956 0.067706
0 0.321198 0.801486 0.032689 0.068217
