1 0.216053 0.955366 0.102950 0.088847
0 0.298913 0.681519 0.047302 0.040718
0 0.764955 0.939008 0.069459 0.050994
0 0.686368 0.943381 0.065574 0.049521
0 0.231997 0.792600 0.031902 0.052495
0 0.751270 0.866596 0.060477 0.042899
0 0.365570 0.718293 0.049109 0.038036
0 0.504162 0.793558 0.086952 0.057801
0 0.738930 0.825473 0.064945 0.041829
0 0.355424 0.807442 0.031570 0.058723
0 0.201693 0.634807 0.044176 0.031190
0 0.270048 0.794956 0.032839 0.062384
0 0.899595 0.922769 0.058394 0.039414
0 0.171363 0.894490 0.069086 0.067546
0 0.321646 0.800384 0.033095 0.067757
0 0.163493 0.789950 0.040332 0.064844
