1 0.215558 0.954868 0.103247 0.090263
0 0.764814 0.938794 0.069307 0.051444
0 0.685872 0.943668 0.065020 0.050490
0 0.751790 0.866537 0.060466 0.043028
0 0.364094 0.717731 0.048690 0.040103
0 0.231898 0.792021 0.032063 0.054620
0 0.298888 0.680976 0.048505 0.043540
0 0.504912 0.794791 0.087724 0.059395
0 0.270110 0.794351 0.032244 0.061786
0 0.201537 0.634497 0.044980 0.032762
0 0.738962 0.825171 0.066303 0.042947
0 0.429648 0.769669 0.054257 0.048481
0 0.899307 0.922920 0.058243 0.041041
0 0.355165 0.806858 0.030723 0.059834
0 0.195061 0.784505 0.036339 0.069512
0 0.389155 0.807675 0.033866 0.061725
1 0.043803 0.724079 0.054050 0.044863
0 0.043103 0.724342 0.055099 0.045969
0 0.321431 0.800310 0.032990 0.069075
