0 0.752064 0.868084 0.059534 0.042796
1 0.216167 0.955926 0.102608 0.088148
0 0.299098 0.682885 0.046058 0.039001
0 0.764888 0.939838 0.069667 0.051007
0 0.504767 0.791638 0.088703 0.052227
0 0.686229 0.945020 0.064438 0.047693
0 0.232205 0.792629 0.031310 0.052682
0 0.061770 0.689666 0.054464 0.040324
0 0.270159 0.794932 0.032818 0.062640
0 0.364846 0.719286 0.048147 0.038173
0 0.739552 0.826092 0.066811 0.040353
0 0.200208 0.742438 0.057207 0.044670
0 0.900598 0.923612 0.057381 0.039366
0 0.355258 0.806575 0.031128 0.059979
0 0.429815 0.800562 0.046450 0.057094
0 0.163839 0.791372 0.040791 0.065833
0 0.389824 0.809438 0.034152 0.060840
