0 0.764760 0.940657 0.068408 0.051050
0 0.752234 0.868330 0.059024 0.042257
0 0.504465 0.794638 0.087289 0.059111
0 0.397322 0.764752 0.050958 0.043207
0 0.298677 0.681775 0.047062 0.042680
1 0.215670 0.955943 0.102728 0.088113
0 0.686054 0.945240 0.064207 0.049029
0 0.201111 0.634877 0.044284 0.033276
1 0.040831 0.724941 0.061836 0.045408
0 0.232165 0.792827 0.031715 0.053814
0 0.042084 0.725264 0.054136 0.045040
0 0.899322 0.924044 0.056565 0.039922
0 0.364998 0.718381 0.047588 0.039319
0 0.174983 0.900013 0.075495 0.081990
0 0.474035 0.711922 0.048170 0.045080
0 0.270249 0.794555 0.032793 0.063512
0 0.739603 0.826291 0.067861 0.040555
0 0.163679 0.791460 0.039411 0.066786
0 0.195101 0.785908 0.036096 0.070782
0 0.669235 0.821310 0.060073 0.046738
