0 0.751775 0.868040 0.060279 0.042510
0 0.359627 0.761100 0.053096 0.044962
0 0.764775 0.940251 0.069230 0.050495
1 0.215284 0.955917 0.102799 0.088166
0 0.504543 0.795997 0.089081 0.065085
0 0.299370 0.682832 0.048114 0.042947
1 0.041130 0.725189 0.060300 0.043423
0 0.686474 0.944360 0.065640 0.050341
0 0.738447 0.825902 0.063802 0.043480
0 0.899529 0.923653 0.058971 0.039886
0 0.670799 0.827410 0.062420 0.065118
0 0.232172 0.793375 0.031541 0.053214
0 0.042379 0.726694 0.053908 0.044500
0 0.429941 0.801083 0.048030 0.057872
