1 0.215942 0.955856 0.102897 0.088288
0 0.299306 0.682792 0.047737 0.039711
0 0.751245 0.867471 0.061004 0.041076
0 0.765137 0.939723 0.069507 0.049213
0 0.504435 0.794592 0.086359 0.056782
0 0.686155 0.945224 0.064192 0.048662
0 0.232041 0.792708 0.031920 0.053564
0 0.062042 0.689984 0.052549 0.041543
0 0.364605 0.718673 0.047579 0.039503
0 0.292662 0.750859 0.054351 0.039612
0 0.355425 0.807980 0.031270 0.058476
0 0.201123 0.635289 0.044965 0.032052
0 0.430480 0.800191 0.047068 0.054476
0 0.739905 0.826027 0.068335 0.040232
0 0.270083 0.794796 0.032858 0.062496
0 0.321563 0.801917 0.032724 0.067298
