1 0.215953 0.955169 0.103289 0.089662
0 0.686513 0.944225 0.064529 0.049560
0 0.765169 0.939304 0.069258 0.051447
0 0.752165 0.867145 0.060304 0.043493
0 0.430090 0.799313 0.046906 0.058817
0 0.364909 0.718255 0.049309 0.040714
0 0.298097 0.681374 0.044264 0.040094
0 0.232858 0.793851 0.031335 0.052368
0 0.188461 0.742060 0.054026 0.045717
0 0.505933 0.795131 0.090459 0.061683
0 0.573537 0.802870 0.051808 0.060642
0 0.355835 0.807541 0.030637 0.059222
0 0.202530 0.635001 0.045147 0.033768
0 0.389707 0.808962 0.033228 0.061133
0 0.270702 0.795699 0.032344 0.061754
0 0.163863 0.790926 0.038850 0.063465
1 0.042779 0.724973 0.060404 0.044931
0 0.899477 0.922761 0.058209 0.040586
0 0.671287 0.821197 0.062850 0.052751
