1 0.215734 0.955933 0.103288 0.088134
0 0.751188 0.867968 0.060792 0.042352
0 0.764323 0.939819 0.067771 0.049447
0 0.298658 0.682909 0.048219 0.042072
0 0.298630 0.734138 0.052519 0.038848
0 0.504708 0.793120 0.087011 0.054348
0 0.686217 0.943658 0.065882 0.049327
0 0.201438 0.635755 0.045783 0.031743
0 0.231838 0.792548 0.032250 0.055413
0 0.364778 0.718949 0.049199 0.039607
0 0.738908 0.825698 0.063304 0.041731
0 0.270394 0.795992 0.032582 0.061251
0 0.429372 0.800634 0.045992 0.056988
0 0.355252 0.806503 0.030854 0.060761
0 0.172207 0.899996 0.069226 0.077920
0 0.149762 0.616519 0.046308 0.034404
0 0.321245 0.802723 0.033138 0.065611
0 0.389287 0.808491 0.034637 0.062119
