1 0.215980 0.954967 0.102755 0.089243
0 0.298847 0.681700 0.047351 0.041474
0 0.764997 0.939102 0.069745 0.051262
0 0.751386 0.866756 0.060264 0.043340
0 0.232165 0.792440 0.032006 0.052897
0 0.686255 0.943603 0.065974 0.049888
0 0.739372 0.825342 0.066039 0.041984
0 0.269826 0.794489 0.033260 0.061653
0 0.505166 0.794621 0.087285 0.057934
0 0.201233 0.634206 0.043581 0.031549
0 0.355368 0.806776 0.030753 0.059601
0 0.429575 0.799655 0.047991 0.055312
0 0.389014 0.808424 0.033514 0.059944
0 0.321413 0.800115 0.033045 0.068147
0 0.899332 0.922928 0.058898 0.039607
