0 0.751851 0.867984 0.059723 0.041060
0 0.299627 0.681344 0.049143 0.044469
0 0.500840 0.789551 0.080797 0.045622
0 0.200969 0.635850 0.045684 0.033341
0 0.685152 0.944429 0.065217 0.047303
0 0.539814 0.766406 0.051782 0.041632
1 0.216808 0.955720 0.103392 0.088559
0 0.764311 0.940136 0.067355 0.050321
0 0.231933 0.792426 0.031854 0.053980
0 0.136264 0.702249 0.047740 0.041487
1 0.043523 0.725997 0.059078 0.046529
0 0.739270 0.825884 0.066643 0.039616
0 0.670892 0.831434 0.067808 0.075724
0 0.429618 0.799936 0.047229 0.058032
0 0.503797 0.799682 0.090313 0.066669
0 0.194746 0.786936 0.035543 0.067936
0 0.389084 0.809353 0.033622 0.061394
0 0.364751 0.718892 0.048055 0.041417
0 0.510684 0.794477 0.068310 0.045255
