1 0.216020 0.955214 0.102481 0.089572
0 0.298712 0.681659 0.047436 0.042082
0 0.685982 0.943386 0.065169 0.049911
0 0.751267 0.866590 0.059927 0.043293
0 0.764774 0.938952 0.069742 0.051156
0 0.232201 0.792421 0.031768 0.052490
0 0.364798 0.718119 0.049341 0.038909
0 0.146824 0.703732 0.049003 0.042799
0 0.739245 0.825283 0.065840 0.041778
0 0.429581 0.799015 0.047266 0.057930
0 0.270130 0.794536 0.033400 0.062719
0 0.355193 0.807378 0.030573 0.058893
0 0.503324 0.794167 0.088837 0.062710
0 0.389277 0.808004 0.034581 0.062047
0 0.201193 0.634289 0.043699 0.031235
1 0.037073 0.541162 0.030316 0.034765
0 0.321154 0.800151 0.032894 0.067922
0 0.163685 0.789698 0.039536 0.065957
0 0.899253 0.922526 0.059168 0.039465
