1 0.215826 0.955404 0.101905 0.088991
0 0.299020 0.681865 0.047003 0.041544
0 0.365276 0.718488 0.048612 0.038095
0 0.686470 0.943717 0.065267 0.049332
0 0.751484 0.866738 0.060621 0.043524
0 0.765025 0.938953 0.069597 0.050994
0 0.429937 0.799258 0.046830 0.057060
0 0.232145 0.792395 0.032172 0.053017
0 0.595905 0.791597 0.055023 0.042756
0 0.270183 0.794407 0.032940 0.061712
0 0.503956 0.793388 0.086648 0.058717
0 0.355405 0.807532 0.030255 0.059250
0 0.201886 0.634546 0.044557 0.032187
0 0.389567 0.808562 0.033911 0.060651
0 0.738964 0.825258 0.064615 0.041972
0 0.060957 0.688156 0.051393 0.041304
0 0.026856 0.723683 0.053008 0.048285
0 0.321451 0.800420 0.032888 0.068075
0 0.899239 0.922544 0.058594 0.040317
0 0.672596 0.818249 0.066438 0.049177
