1 0.216265 0.955173 0.104545 0.089654
0 0.299148 0.681543 0.047376 0.042401
0 0.752012 0.867314 0.059501 0.043122
0 0.765049 0.939335 0.069004 0.050786
0 0.430033 0.799480 0.046623 0.057880
0 0.686376 0.944304 0.065130 0.049723
0 0.359084 0.756588 0.053397 0.044201
0 0.232597 0.792378 0.031373 0.054060
0 0.504501 0.793665 0.087105 0.057392
0 0.355980 0.806720 0.029126 0.059858
0 0.739176 0.825449 0.065452 0.042309
0 0.201424 0.634915 0.043553 0.032796
0 0.270320 0.794729 0.032294 0.061564
1 0.042397 0.724959 0.061145 0.046029
0 0.364009 0.718341 0.049983 0.040413
0 0.389575 0.808667 0.033224 0.061061
0 0.195348 0.786025 0.036659 0.066987
1 0.050247 0.521494 0.031894 0.039086
0 0.164056 0.790645 0.040292 0.067234
