1 0.215730 0.955228 0.101831 0.089421
0 0.298744 0.681600 0.047214 0.041752
0 0.751356 0.866502 0.060229 0.043476
0 0.685808 0.943762 0.066158 0.050087
0 0.764508 0.938566 0.069599 0.051534
0 0.429641 0.798609 0.047253 0.057555
0 0.231947 0.791886 0.031863 0.052951
0 0.364947 0.718579 0.048529 0.038377
0 0.504765 0.794458 0.089378 0.064243
0 0.269681 0.794028 0.033209 0.061593
0 0.355525 0.807320 0.030115 0.058613
0 0.061408 0.689190 0.053017 0.043031
0 0.739234 0.825036 0.066018 0.042464
0 0.201545 0.634024 0.044799 0.031711
0 0.389235 0.808165 0.034429 0.061433
0 0.899304 0.923210 0.058678 0.040043
0 0.321404 0.800442 0.033328 0.067910
1 0.505978 0.796697 0.092912 0.067380
