0 0.300941 0.750292 0.055494 0.042056
0 0.751670 0.868409 0.060005 0.041450
0 0.299565 0.682970 0.047477 0.042881
0 0.503782 0.793741 0.087062 0.056623
0 0.764755 0.940434 0.068865 0.050573
0 0.685754 0.944531 0.066973 0.046970
1 0.591433 0.829669 0.049350 0.069332
0 0.232006 0.793908 0.032002 0.052470
1 0.216439 0.955673 0.106775 0.088654
0 0.365063 0.719144 0.048880 0.039276
0 0.270211 0.794732 0.032706 0.064571
1 0.040431 0.726789 0.064526 0.048150
0 0.429763 0.800626 0.046392 0.058478
1 0.364122 0.720647 0.048368 0.036664
0 0.669002 0.821484 0.058414 0.053711
0 0.474787 0.714204 0.048596 0.048359
0 0.194950 0.786889 0.036160 0.072480
0 0.899659 0.923802 0.058384 0.039848
0 0.355642 0.807204 0.031553 0.060463
0 0.163903 0.791279 0.039926 0.065637
0 0.389685 0.809165 0.034399 0.060349
