1 0.215738 0.955015 0.102806 0.089653
0 0.764909 0.938963 0.069678 0.051181
0 0.751559 0.866811 0.060456 0.042883
0 0.686232 0.943839 0.066389 0.050137
0 0.299142 0.681757 0.047280 0.042241
0 0.429974 0.799288 0.047141 0.058126
0 0.232193 0.792309 0.032064 0.053366
0 0.503501 0.793562 0.085941 0.056480
0 0.338868 0.737314 0.054582 0.043099
0 0.355664 0.806438 0.030713 0.060367
0 0.270227 0.793850 0.033354 0.063407
0 0.739663 0.825269 0.066292 0.042206
0 0.389326 0.808280 0.034486 0.061010
0 0.202033 0.635041 0.044696 0.032035
1 0.064095 0.506713 0.033206 0.040403
0 0.321607 0.800567 0.032811 0.068086
1 0.019436 0.721742 0.038624 0.043768
0 0.899456 0.922910 0.058397 0.039834
0 0.120507 0.735996 0.053437 0.040087
