0 0.764954 0.940179 0.069234 0.050663
0 0.752538 0.868058 0.060265 0.042351
0 0.298995 0.682749 0.047794 0.042163
0 0.201419 0.634584 0.044830 0.033733
1 0.215810 0.956000 0.102625 0.088001
0 0.232307 0.794109 0.031474 0.054167
0 0.738418 0.825749 0.063420 0.042633
0 0.443733 0.762991 0.051999 0.041363
0 0.686294 0.944332 0.065148 0.049083
0 0.364156 0.718602 0.046141 0.039617
0 0.270084 0.794495 0.032916 0.062926
0 0.898611 0.923653 0.059091 0.039533
0 0.355589 0.806291 0.030642 0.060464
0 0.194550 0.785963 0.035959 0.070145
0 0.389206 0.808819 0.034498 0.062409
1 0.043173 0.725704 0.059619 0.046053
0 0.508642 0.799296 0.083060 0.058704
0 0.428809 0.801021 0.045053 0.054840
0 0.149347 0.616129 0.045623 0.034959
0 0.163830 0.791068 0.039021 0.067032
0 0.172404 0.896517 0.070741 0.074008
