0 0.751278 0.868160 0.059732 0.042775
0 0.503960 0.793530 0.095572 0.077057
0 0.686268 0.944581 0.065014 0.049156
1 0.216164 0.955771 0.103899 0.088458
0 0.231799 0.792780 0.032155 0.054775
0 0.296938 0.682354 0.052049 0.041236
0 0.429333 0.800835 0.046318 0.059024
0 0.160252 0.705268 0.046424 0.036099
0 0.365177 0.718250 0.048687 0.039462
0 0.270103 0.794767 0.032764 0.063048
0 0.164363 0.791589 0.039343 0.065184
0 0.389330 0.809150 0.034540 0.062608
0 0.354833 0.808472 0.030604 0.059375
0 0.194993 0.786353 0.035019 0.070428
0 0.764095 0.939859 0.067800 0.049375
0 0.320882 0.801773 0.032440 0.067349
0 0.201864 0.633563 0.045229 0.033070
0 0.477739 0.717815 0.054902 0.055816
