1 0.215976 0.955307 0.102467 0.089279
0 0.298953 0.681867 0.046725 0.041694
0 0.686475 0.943834 0.065186 0.049420
0 0.764926 0.939067 0.069343 0.051421
0 0.751665 0.866898 0.060220 0.043283
0 0.429711 0.798793 0.047536 0.058641
0 0.232372 0.792458 0.031647 0.053129
0 0.365160 0.718886 0.048642 0.038237
0 0.504873 0.794004 0.089006 0.061294
0 0.270056 0.794545 0.033159 0.061986
0 0.355610 0.806974 0.030209 0.058911
0 0.739259 0.825082 0.065066 0.042746
0 0.389120 0.808295 0.034092 0.061804
0 0.202197 0.634126 0.044667 0.032118
0 0.899581 0.923023 0.058583 0.040057
0 0.321709 0.800302 0.032774 0.068091
