1 0.215505 0.955712 0.102719 0.088576
0 0.503784 0.795784 0.086593 0.060501
0 0.764646 0.939966 0.068858 0.050782
0 0.298850 0.681365 0.048769 0.043444
0 0.751149 0.867626 0.060664 0.042129
0 0.203067 0.634615 0.045898 0.032429
0 0.685755 0.943959 0.065558 0.049129
0 0.364738 0.719066 0.048038 0.038983
0 0.355048 0.807905 0.030503 0.058528
1 0.364397 0.719831 0.049334 0.037265
1 0.610298 0.896432 0.039166 0.071214
0 0.739100 0.825824 0.067120 0.040567
0 0.429551 0.800138 0.045902 0.059198
0 0.232068 0.792515 0.032173 0.054780
1 0.178132 0.363181 0.031831 0.038817
