1 0.215910 0.955166 0.103445 0.089668
0 0.232443 0.793051 0.031693 0.053457
0 0.765131 0.939406 0.069201 0.051119
0 0.751985 0.867118 0.060208 0.043474
0 0.686756 0.943961 0.065023 0.050257
0 0.298874 0.681306 0.047575 0.042832
0 0.505157 0.794656 0.087921 0.058444
0 0.739457 0.825477 0.066104 0.042083
0 0.407785 0.765667 0.051201 0.041992
0 0.365256 0.717889 0.048615 0.039612
0 0.201611 0.634873 0.044879 0.033680
0 0.270704 0.794853 0.032347 0.062010
0 0.042574 0.725179 0.053416 0.045504
0 0.899803 0.922941 0.058582 0.040583
0 0.355601 0.807936 0.030301 0.060566
0 0.389759 0.809260 0.032023 0.060828
0 0.194643 0.785008 0.036336 0.069663
0 0.163910 0.790766 0.039171 0.065898
0 0.321787 0.800856 0.032917 0.068682
0 0.429489 0.800722 0.046699 0.054772
