1 0.215720 0.954954 0.101895 0.089838
0 0.299098 0.681595 0.047119 0.041740
0 0.686310 0.943489 0.065426 0.049895
0 0.764994 0.938857 0.069616 0.051393
0 0.751695 0.866707 0.060322 0.043284
0 0.232263 0.792042 0.032209 0.054180
0 0.739337 0.825349 0.065973 0.042391
0 0.505205 0.794445 0.086380 0.057535
0 0.364960 0.718393 0.048235 0.038254
0 0.270271 0.794336 0.032992 0.062259
0 0.355494 0.806469 0.030704 0.060140
0 0.431825 0.760732 0.058359 0.047457
0 0.202092 0.634204 0.045362 0.033088
0 0.429973 0.800334 0.045810 0.054791
0 0.389112 0.808307 0.033796 0.060538
0 0.899551 0.922998 0.058829 0.039728
