1 0.215720 0.955963 0.102489 0.088074
0 0.504486 0.794788 0.087543 0.061129
0 0.298784 0.682205 0.048998 0.041555
0 0.765427 0.940181 0.069181 0.050598
0 0.751818 0.867970 0.058366 0.041975
0 0.250367 0.747311 0.059645 0.044412
0 0.686318 0.944244 0.064052 0.047399
0 0.231525 0.794542 0.030118 0.053988
0 0.365108 0.719370 0.048811 0.039265
0 0.738783 0.826094 0.067224 0.040259
0 0.201631 0.634697 0.044341 0.031413
0 0.429486 0.799840 0.046410 0.059004
0 0.194976 0.786668 0.035908 0.068510
0 0.475634 0.717782 0.057185 0.048576
0 0.355153 0.807266 0.030431 0.058305
0 0.270712 0.793619 0.032262 0.064926
0 0.389121 0.808782 0.035067 0.064786
1 0.364407 0.720191 0.049261 0.036663
0 0.320838 0.801696 0.032550 0.067351
0 0.168710 0.892693 0.061870 0.064219
0 0.164119 0.790881 0.039624 0.065910
