1 0.215808 0.955140 0.103552 0.089247
0 0.751931 0.867056 0.059452 0.043395
0 0.430142 0.799040 0.046663 0.057685
0 0.765119 0.939236 0.069049 0.051338
0 0.686975 0.943894 0.065498 0.049071
0 0.364848 0.718346 0.048460 0.040034
0 0.232758 0.792921 0.032009 0.054013
0 0.275569 0.708059 0.047761 0.039317
0 0.505389 0.795489 0.089627 0.062823
0 0.270673 0.795112 0.032693 0.061375
0 0.130430 0.736985 0.055165 0.043372
0 0.356013 0.807340 0.030599 0.059642
0 0.389427 0.808632 0.033971 0.061586
0 0.033465 0.725610 0.055040 0.045915
0 0.738724 0.825861 0.065102 0.042718
0 0.671217 0.819954 0.062750 0.052288
0 0.544883 0.780804 0.055411 0.046325
0 0.201718 0.634775 0.044024 0.032387
0 0.164055 0.790574 0.038889 0.064588
0 0.195503 0.785622 0.035973 0.068072
0 0.321887 0.800645 0.032883 0.068092
0 0.899537 0.923018 0.058086 0.040590
