0 0.382930 0.754819 0.058405 0.046981
0 0.504499 0.793810 0.088141 0.055880
0 0.764729 0.940296 0.068851 0.050831
0 0.299294 0.682850 0.047798 0.039510
0 0.751427 0.868089 0.059300 0.042063
0 0.686553 0.944404 0.064547 0.047808
1 0.216468 0.955860 0.101751 0.088280
0 0.231939 0.793334 0.032106 0.052654
0 0.740017 0.825837 0.068042 0.040418
0 0.201384 0.635111 0.044816 0.031211
0 0.355255 0.809379 0.030057 0.056487
0 0.389640 0.808978 0.033080 0.060300
0 0.064661 0.690576 0.048981 0.043518
0 0.429243 0.800881 0.046514 0.057008
