0 0.764952 0.940064 0.069090 0.050513
0 0.504144 0.795240 0.086105 0.058254
0 0.751991 0.867743 0.058762 0.041822
0 0.276878 0.730461 0.054304 0.040520
1 0.215347 0.956021 0.102955 0.087957
0 0.298589 0.683227 0.047691 0.041593
0 0.232086 0.793151 0.032062 0.053467
0 0.429293 0.800359 0.047518 0.057842
0 0.739719 0.825772 0.068824 0.040250
0 0.685957 0.944101 0.065877 0.048132
0 0.201513 0.635343 0.044840 0.030940
0 0.364765 0.719640 0.048401 0.039189
0 0.270116 0.794917 0.032849 0.063680
0 0.899345 0.924384 0.059810 0.038047
0 0.149949 0.616386 0.045719 0.034529
0 0.389129 0.808558 0.034274 0.063359
