1 0.215827 0.955627 0.102267 0.088745
0 0.298951 0.681754 0.046442 0.041304
0 0.764765 0.939012 0.069511 0.051398
0 0.751483 0.866739 0.061076 0.042930
0 0.686138 0.943670 0.065351 0.049653
0 0.232499 0.792387 0.032175 0.052937
0 0.365192 0.718347 0.048301 0.039299
0 0.429733 0.798989 0.047688 0.058747
0 0.504210 0.793695 0.087611 0.058791
0 0.355527 0.807596 0.030989 0.058583
0 0.270305 0.794835 0.033208 0.061900
0 0.739086 0.825407 0.065287 0.041995
0 0.201850 0.634673 0.044695 0.032121
0 0.389017 0.808168 0.033867 0.061059
0 0.321293 0.799985 0.033003 0.068264
0 0.899073 0.922819 0.058804 0.040377
