0 0.502601 0.791668 0.084250 0.053645
0 0.751453 0.867717 0.059872 0.041500
0 0.764687 0.940360 0.068651 0.050470
0 0.297599 0.681182 0.047303 0.041892
1 0.216060 0.955799 0.103506 0.088402
0 0.270423 0.795804 0.032114 0.061352
0 0.232058 0.792709 0.031900 0.052305
0 0.686250 0.944222 0.065516 0.048988
0 0.201261 0.635373 0.044553 0.030463
0 0.364324 0.719095 0.047118 0.038385
0 0.429489 0.800524 0.047079 0.057282
0 0.738894 0.825328 0.063979 0.042627
0 0.900076 0.923589 0.057252 0.038469
0 0.496087 0.795277 0.076416 0.066830
0 0.355038 0.807488 0.031050 0.059249
0 0.389463 0.808166 0.033625 0.062061
