1 0.215559 0.955060 0.102868 0.089868
0 0.232027 0.793265 0.031314 0.053516
0 0.764873 0.938922 0.069455 0.051451
0 0.751286 0.866917 0.059841 0.043597
0 0.686608 0.943607 0.065956 0.049807
0 0.243088 0.726969 0.048025 0.055443
0 0.364411 0.717660 0.049077 0.039396
0 0.738753 0.825266 0.065532 0.042309
0 0.317932 0.754077 0.051207 0.045705
0 0.504543 0.794570 0.088766 0.059350
0 0.445072 0.742251 0.050805 0.043079
0 0.042288 0.724842 0.055257 0.045633
0 0.298104 0.681177 0.047161 0.041678
0 0.163706 0.789922 0.039695 0.065927
0 0.270082 0.795166 0.032360 0.061868
0 0.355385 0.806514 0.030313 0.059928
0 0.670541 0.820260 0.062253 0.053338
0 0.898885 0.923011 0.059246 0.041429
0 0.201622 0.634610 0.044459 0.032418
0 0.194290 0.785332 0.036439 0.069354
0 0.182315 0.787620 0.027492 0.066758
