0 0.751243 0.868179 0.059911 0.041722
0 0.765314 0.939997 0.069029 0.049660
1 0.215325 0.956019 0.104112 0.087963
0 0.685755 0.944827 0.064866 0.048555
0 0.299191 0.681388 0.047566 0.040784
0 0.505739 0.796581 0.090460 0.063334
0 0.062218 0.689594 0.054098 0.040544
0 0.232092 0.792981 0.031726 0.053214
0 0.739031 0.826008 0.064176 0.042501
0 0.305009 0.752125 0.052567 0.039297
0 0.898647 0.924034 0.058227 0.038977
0 0.270144 0.794447 0.032451 0.063476
0 0.364878 0.718897 0.047820 0.037816
0 0.389816 0.809438 0.033801 0.061131
