1 0.214960 0.954946 0.103010 0.090108
0 0.764020 0.938784 0.069068 0.051617
0 0.685656 0.943378 0.065199 0.050394
0 0.751061 0.866535 0.059615 0.043611
0 0.364345 0.717417 0.048947 0.039810
0 0.231367 0.790613 0.031915 0.056011
0 0.298407 0.680558 0.048331 0.043745
0 0.504182 0.794037 0.088140 0.058349
0 0.423693 0.766342 0.055760 0.043656
0 0.738522 0.824745 0.065806 0.043426
0 0.041706 0.724119 0.054398 0.046273
0 0.269497 0.793849 0.032892 0.062085
0 0.200914 0.633258 0.043920 0.031968
0 0.388841 0.807587 0.033474 0.061331
0 0.354918 0.806630 0.031340 0.060663
0 0.898499 0.922935 0.058840 0.039766
0 0.428768 0.798441 0.047649 0.055687
0 0.194399 0.784224 0.036486 0.069545
