1 0.215531 0.954994 0.103182 0.090012
0 0.429765 0.798816 0.047546 0.058459
0 0.298581 0.681193 0.046861 0.042417
0 0.751541 0.866789 0.060548 0.043315
0 0.232131 0.791940 0.031718 0.053845
0 0.764281 0.939076 0.068648 0.051376
0 0.686094 0.943843 0.064797 0.049978
0 0.364510 0.718088 0.049111 0.040278
0 0.738942 0.825183 0.065304 0.042233
1 0.042271 0.725121 0.061389 0.046138
0 0.355283 0.807143 0.030526 0.059328
0 0.201852 0.634799 0.044875 0.033809
0 0.269903 0.793877 0.033161 0.062085
0 0.504275 0.783551 0.088038 0.072489
0 0.389347 0.808318 0.034291 0.061278
0 0.194859 0.784579 0.036429 0.069090
0 0.475739 0.712763 0.053928 0.048905
