1 0.215969 0.955147 0.102880 0.089207
0 0.751722 0.866722 0.059729 0.043738
0 0.764732 0.938763 0.068746 0.051234
0 0.686634 0.943810 0.065526 0.050208
0 0.364600 0.718732 0.048453 0.039902
0 0.232265 0.792578 0.031763 0.054210
0 0.299349 0.681701 0.047718 0.040673
0 0.270228 0.794312 0.032065 0.063053
0 0.506132 0.795804 0.087930 0.060362
0 0.201459 0.634162 0.045760 0.034349
0 0.899437 0.922629 0.057941 0.040911
0 0.670705 0.820986 0.062584 0.053848
0 0.355158 0.806306 0.031562 0.061051
0 0.389304 0.808707 0.034179 0.061141
1 0.046276 0.725090 0.056607 0.042644
0 0.739689 0.824545 0.065988 0.044717
0 0.442917 0.770982 0.048943 0.044150
0 0.475522 0.710508 0.049600 0.043222
