0 0.504415 0.797067 0.088528 0.064750
0 0.299013 0.682280 0.048559 0.041771
0 0.765147 0.940396 0.069143 0.050502
1 0.215813 0.955876 0.102797 0.088248
0 0.751883 0.867627 0.059370 0.042932
0 0.686258 0.944726 0.064339 0.048292
0 0.231816 0.792847 0.032227 0.054516
0 0.429542 0.801253 0.046483 0.058722
0 0.739494 0.826608 0.069235 0.041158
0 0.365259 0.719068 0.048426 0.038142
0 0.270328 0.795631 0.032593 0.062259
0 0.355499 0.807498 0.030699 0.058146
0 0.388875 0.808439 0.034687 0.061794
0 0.899683 0.923711 0.057605 0.039701
0 0.172980 0.896443 0.069173 0.071005
