1 0.215904 0.955293 0.102400 0.089327
0 0.299046 0.681822 0.046926 0.041988
0 0.764850 0.939036 0.069227 0.051167
0 0.685566 0.943388 0.065992 0.049939
0 0.751291 0.866781 0.060025 0.043159
0 0.365201 0.718090 0.048833 0.039675
0 0.232459 0.792371 0.032248 0.053432
0 0.429732 0.799276 0.047011 0.057568
0 0.504313 0.793512 0.087831 0.058786
0 0.739253 0.825591 0.065490 0.042059
0 0.270191 0.794708 0.033031 0.061315
0 0.355538 0.807306 0.030760 0.058813
0 0.202599 0.635082 0.043886 0.032248
0 0.389511 0.808030 0.034090 0.061987
0 0.615691 0.924971 0.037145 0.079283
0 0.140040 0.736399 0.058170 0.044716
0 0.899343 0.923244 0.057845 0.039925
1 0.030249 0.726284 0.058271 0.043428
0 0.321396 0.800508 0.032897 0.067827
