1 0.215609 0.955328 0.102252 0.088926
0 0.298846 0.681630 0.047292 0.041842
0 0.765001 0.938761 0.069260 0.051428
0 0.751402 0.866739 0.059765 0.043055
0 0.232293 0.792475 0.031722 0.052727
0 0.686039 0.943864 0.065698 0.049451
0 0.365019 0.718194 0.048810 0.038934
0 0.032031 0.725081 0.052437 0.046547
0 0.504448 0.793861 0.087097 0.057622
0 0.429531 0.799080 0.046639 0.056436
0 0.173763 0.740688 0.055104 0.044983
0 0.739425 0.825466 0.065743 0.041673
0 0.164135 0.789055 0.039401 0.064511
0 0.270086 0.793696 0.033073 0.062915
0 0.201397 0.634894 0.044819 0.031831
1 0.027247 0.541153 0.044812 0.060088
0 0.355605 0.807311 0.029971 0.059318
0 0.389606 0.808107 0.034372 0.061239
0 0.443774 0.749121 0.043977 0.040514
1 0.126497 0.438734 0.025495 0.033403
0 0.899547 0.922990 0.058249 0.039782
1 0.088874 0.477451 0.030064 0.035783
