0 0.504487 0.796547 0.088308 0.062263
1 0.215911 0.956040 0.103172 0.087919
0 0.764945 0.940185 0.069007 0.050285
0 0.299032 0.683350 0.047397 0.039893
0 0.750812 0.868059 0.059910 0.042438
0 0.177040 0.738967 0.056695 0.045874
0 0.685322 0.943681 0.065888 0.045858
0 0.365038 0.719036 0.049037 0.039486
0 0.740067 0.826215 0.067369 0.040208
0 0.231990 0.794550 0.032168 0.052882
0 0.429748 0.800599 0.046706 0.058749
1 0.364387 0.719656 0.049541 0.037410
0 0.389564 0.809080 0.034356 0.059166
0 0.270305 0.795420 0.032876 0.062296
