0 0.765160 0.940270 0.069510 0.051021
0 0.504452 0.795060 0.087488 0.059529
0 0.751804 0.867746 0.059128 0.041845
0 0.299344 0.682858 0.046974 0.039576
0 0.686301 0.945096 0.065166 0.048012
0 0.232564 0.794888 0.030394 0.053114
1 0.215942 0.955801 0.102860 0.088399
0 0.230818 0.740597 0.076505 0.067535
0 0.365381 0.719191 0.049230 0.039419
0 0.388861 0.808892 0.034795 0.061082
0 0.429964 0.800884 0.046833 0.058115
0 0.738953 0.826159 0.064437 0.042402
0 0.476096 0.715295 0.052875 0.051805
0 0.355419 0.809027 0.030191 0.055280
0 0.270555 0.795503 0.032840 0.061449
