1 0.215628 0.955073 0.103197 0.089853
0 0.751749 0.866922 0.060874 0.043455
0 0.764781 0.938767 0.069448 0.051429
0 0.298656 0.681922 0.046808 0.042286
0 0.364883 0.718050 0.048794 0.040261
0 0.198518 0.711444 0.051473 0.043830
0 0.686429 0.944061 0.065577 0.049784
0 0.232568 0.792445 0.031980 0.054071
0 0.505366 0.794525 0.089673 0.061316
0 0.430032 0.798875 0.047059 0.058169
0 0.739585 0.825276 0.066612 0.042452
0 0.270259 0.794675 0.032106 0.061938
0 0.355858 0.807458 0.031052 0.059486
0 0.163698 0.789688 0.040223 0.066863
0 0.194946 0.786342 0.036408 0.067497
0 0.389326 0.808439 0.034375 0.061910
1 0.071814 0.495385 0.028678 0.035878
1 0.573215 0.740890 0.033379 0.051457
0 0.201405 0.633820 0.044298 0.033080
1 0.505494 0.795454 0.093125 0.064482
