0 0.765721 0.940269 0.069161 0.050540
0 0.504628 0.794375 0.087132 0.058284
1 0.215487 0.955913 0.103570 0.088174
0 0.751592 0.867803 0.059651 0.042524
0 0.299367 0.682458 0.047938 0.039990
0 0.686414 0.944888 0.065001 0.047944
0 0.231842 0.793174 0.032292 0.053515
0 0.626583 0.782296 0.064281 0.043029
0 0.355729 0.807943 0.030611 0.059024
0 0.429965 0.800890 0.047213 0.058749
0 0.365056 0.719537 0.048193 0.038185
0 0.270335 0.795363 0.032526 0.060296
0 0.740102 0.826239 0.067136 0.040170
0 0.321427 0.801591 0.033450 0.068492
0 0.203162 0.635150 0.044045 0.030974
1 0.364503 0.721492 0.048757 0.034567
