0 0.504038 0.797347 0.087158 0.064719
0 0.299506 0.682194 0.048193 0.043886
0 0.765033 0.940521 0.069376 0.051330
0 0.751676 0.867990 0.059701 0.042507
1 0.216520 0.955736 0.101209 0.088527
0 0.686055 0.945130 0.064248 0.046968
0 0.231800 0.793406 0.031996 0.053208
0 0.365281 0.719081 0.048412 0.038545
0 0.270347 0.794918 0.032784 0.061781
0 0.429832 0.800815 0.046734 0.059264
0 0.900523 0.923825 0.058177 0.038898
0 0.161557 0.706182 0.047419 0.033143
0 0.389437 0.809374 0.034426 0.061325
0 0.355789 0.806925 0.030761 0.059638
0 0.740109 0.826044 0.067671 0.040259
1 0.364721 0.720365 0.048717 0.035254
0 0.672271 0.820017 0.067203 0.050060
