1 0.215854 0.956136 0.103173 0.087727
0 0.751021 0.867906 0.059828 0.042181
0 0.765227 0.939967 0.069694 0.050288
0 0.212218 0.703842 0.040563 0.041340
0 0.504603 0.794230 0.087468 0.057507
0 0.298541 0.682041 0.047930 0.043545
0 0.231794 0.793049 0.031725 0.053555
0 0.685924 0.944290 0.065030 0.048400
0 0.364495 0.719044 0.047693 0.039030
0 0.201509 0.634686 0.043988 0.030487
0 0.739697 0.826155 0.067513 0.040087
0 0.269871 0.794894 0.033288 0.062199
0 0.429404 0.800689 0.046181 0.056380
0 0.355172 0.807641 0.030920 0.058302
1 0.095969 0.468778 0.022139 0.027396
0 0.389359 0.809068 0.034003 0.062375
1 0.364100 0.719321 0.049255 0.037455
0 0.321249 0.801808 0.032874 0.067430
0 0.149823 0.616274 0.047161 0.034187
0 0.898764 0.923878 0.058221 0.038768
0 0.163996 0.790260 0.040373 0.066772
