1 0.216147 0.955997 0.101473 0.088006
0 0.751502 0.868066 0.059130 0.042065
0 0.764475 0.940278 0.068096 0.050623
0 0.299454 0.682772 0.048266 0.042318
0 0.504337 0.794202 0.086384 0.057118
0 0.231859 0.795042 0.031570 0.052999
0 0.386745 0.754047 0.047512 0.044908
0 0.062309 0.690229 0.051849 0.041692
0 0.685913 0.945496 0.065753 0.047103
0 0.429817 0.800934 0.046576 0.055989
0 0.257383 0.749519 0.054631 0.040148
0 0.739714 0.825864 0.066733 0.039648
0 0.389629 0.808514 0.033683 0.060620
0 0.270505 0.794293 0.032450 0.065683
0 0.899577 0.923710 0.059047 0.039615
