1 0.215825 0.955187 0.101918 0.089493
0 0.298829 0.681717 0.047227 0.042168
0 0.232175 0.792186 0.031643 0.052522
0 0.686104 0.944177 0.065475 0.049717
0 0.764889 0.938713 0.069665 0.051411
0 0.429815 0.798778 0.047135 0.058420
0 0.751501 0.866778 0.060930 0.043208
0 0.365229 0.718801 0.048715 0.039100
0 0.504186 0.793492 0.087454 0.058388
0 0.355325 0.807738 0.030204 0.058756
0 0.164044 0.789058 0.039115 0.064557
0 0.270182 0.793728 0.032817 0.062710
0 0.066401 0.689990 0.053375 0.041900
0 0.389265 0.807986 0.034350 0.061401
0 0.036312 0.725620 0.060668 0.048027
0 0.202905 0.634458 0.044737 0.032470
0 0.168580 0.742645 0.052746 0.042012
0 0.737718 0.825285 0.063942 0.042544
0 0.898922 0.923230 0.058890 0.041071
0 0.321289 0.800084 0.032733 0.068532
