1 0.216091 0.955395 0.102233 0.089209
0 0.764912 0.938874 0.069353 0.051193
0 0.298874 0.681488 0.047141 0.041853
0 0.751492 0.866440 0.060945 0.043345
0 0.686680 0.943603 0.066237 0.049814
0 0.364821 0.718211 0.048873 0.039409
0 0.232297 0.792499 0.031714 0.052737
0 0.739150 0.825610 0.065357 0.041521
0 0.269905 0.794292 0.033219 0.062601
0 0.137044 0.702422 0.048404 0.040751
0 0.355466 0.806951 0.030369 0.058599
0 0.201709 0.634397 0.044385 0.031891
0 0.504622 0.794683 0.090607 0.061995
0 0.429469 0.799513 0.047257 0.056320
1 0.029704 0.548622 0.032236 0.037986
0 0.389397 0.808081 0.034018 0.060733
0 0.899889 0.923039 0.057995 0.039621
0 0.321236 0.800245 0.032481 0.067512
