1 0.216115 0.955137 0.102651 0.088895
0 0.298537 0.681106 0.047536 0.040447
0 0.751173 0.866765 0.059986 0.042735
0 0.764848 0.938716 0.069385 0.051069
0 0.686338 0.943272 0.066539 0.049577
0 0.231906 0.792124 0.032293 0.053305
0 0.364817 0.717953 0.049186 0.038534
0 0.504260 0.793532 0.087731 0.058070
0 0.270103 0.794168 0.033193 0.062005
0 0.202222 0.634277 0.043644 0.030614
0 0.355386 0.807176 0.030739 0.058735
1 0.056890 0.480253 0.025802 0.047468
0 0.899439 0.922998 0.058418 0.039301
0 0.321234 0.800327 0.033453 0.067550
0 0.148677 0.614635 0.045440 0.034003
