1 0.215594 0.955210 0.103071 0.089194
0 0.764778 0.939178 0.068891 0.050489
0 0.751580 0.866948 0.060316 0.043407
0 0.232487 0.792074 0.032092 0.054417
0 0.429964 0.798814 0.046964 0.058474
0 0.686609 0.943840 0.065272 0.049438
0 0.364728 0.717834 0.048431 0.039741
0 0.298170 0.680981 0.046180 0.042783
1 0.592646 0.829792 0.045300 0.067385
0 0.309468 0.750434 0.054189 0.043298
0 0.503873 0.793489 0.086412 0.057141
0 0.270020 0.794267 0.031939 0.061474
0 0.201676 0.634653 0.044525 0.033270
0 0.355189 0.806236 0.030768 0.060805
1 0.042408 0.724470 0.060991 0.046584
0 0.389075 0.807697 0.034048 0.062075
0 0.195089 0.784868 0.036365 0.068944
0 0.899939 0.923104 0.057866 0.040174
