0 0.765198 0.939947 0.069465 0.051161
0 0.751664 0.867545 0.060229 0.042267
1 0.215820 0.955804 0.102662 0.088392
0 0.504952 0.798555 0.088978 0.066745
0 0.298816 0.682689 0.047867 0.041839
0 0.686091 0.944706 0.065076 0.048252
0 0.221910 0.711299 0.043825 0.048906
0 0.364861 0.719376 0.048533 0.039167
0 0.232249 0.794542 0.031665 0.053602
0 0.899637 0.923925 0.058834 0.038583
0 0.739069 0.825976 0.064694 0.043051
0 0.355665 0.807936 0.030779 0.058536
0 0.164324 0.791229 0.040792 0.064752
0 0.430078 0.800480 0.047220 0.057189
0 0.202714 0.635124 0.044639 0.029304
0 0.389430 0.809288 0.034241 0.061340
0 0.270406 0.795538 0.032390 0.061136
