0 0.764699 0.939616 0.069273 0.049310
0 0.750865 0.867568 0.060855 0.041927
0 0.503203 0.791478 0.086523 0.051825
1 0.215838 0.956040 0.102341 0.087921
0 0.298811 0.682991 0.049563 0.041992
0 0.504786 0.801318 0.089861 0.069269
0 0.686008 0.943963 0.065285 0.047577
1 0.042862 0.725479 0.058333 0.044488
0 0.180526 0.744285 0.054171 0.044579
0 0.043519 0.726191 0.053755 0.043188
0 0.429598 0.800718 0.046867 0.058372
0 0.365360 0.718905 0.048284 0.038835
0 0.739223 0.825869 0.063490 0.042327
1 0.089943 0.442994 0.025030 0.050527
1 0.164145 0.791178 0.041029 0.062275
1 0.503744 0.801064 0.094649 0.069936
0 0.186272 0.750353 0.065999 0.057211
0 0.232519 0.793858 0.031477 0.053979
