1 0.215679 0.955475 0.102659 0.089049
0 0.764686 0.938875 0.069336 0.051229
0 0.751219 0.866752 0.059864 0.043211
0 0.686167 0.943726 0.064419 0.049660
0 0.232128 0.792147 0.031635 0.052932
0 0.429471 0.799881 0.047079 0.057064
0 0.061839 0.689436 0.052918 0.041928
0 0.298780 0.681635 0.046668 0.041454
0 0.504385 0.794548 0.089480 0.060334
0 0.739051 0.825344 0.065553 0.042050
0 0.269867 0.794897 0.032928 0.061502
0 0.333955 0.756300 0.055780 0.043981
0 0.355122 0.807157 0.029620 0.058630
0 0.364524 0.718424 0.049122 0.038935
0 0.388996 0.807930 0.034334 0.061566
0 0.201992 0.634356 0.044013 0.031675
0 0.321488 0.801126 0.032323 0.066216
0 0.899225 0.922936 0.059029 0.039717
