1 0.215825 0.954944 0.103636 0.090113
0 0.751640 0.866954 0.059888 0.043407
0 0.365114 0.718652 0.048662 0.039583
0 0.298499 0.682013 0.046955 0.042104
0 0.764625 0.939231 0.069516 0.051273
0 0.232214 0.792601 0.031689 0.053249
0 0.189071 0.710050 0.051947 0.044382
0 0.686087 0.944268 0.064422 0.049754
0 0.505214 0.794974 0.090442 0.063073
0 0.429837 0.799363 0.047126 0.059264
0 0.355295 0.807192 0.030991 0.059617
0 0.739496 0.824864 0.066288 0.042847
0 0.270238 0.795265 0.031856 0.060709
0 0.195291 0.786778 0.036549 0.066149
0 0.163530 0.789933 0.038990 0.065922
0 0.389473 0.808410 0.034224 0.062147
0 0.201510 0.633966 0.044816 0.032268
1 0.066400 0.501986 0.029856 0.035946
1 0.570537 0.746943 0.036502 0.052099
1 0.505025 0.796100 0.093332 0.066336
