1 0.121798 0.411678 0.027140 0.042103
1 0.215164 0.955863 0.102946 0.088273
0 0.299346 0.681934 0.047843 0.041523
0 0.204670 0.678952 0.052120 0.050202
0 0.505322 0.794315 0.089668 0.063900
0 0.232285 0.795037 0.031619 0.052972
0 0.751163 0.867029 0.060328 0.040456
0 0.685936 0.945033 0.064507 0.047815
0 0.269926 0.796155 0.033005 0.061644
0 0.365852 0.719134 0.049127 0.038525
0 0.430111 0.801486 0.047959 0.059150
0 0.605678 0.881888 0.036797 0.070029
0 0.389194 0.809150 0.034275 0.060512
0 0.764365 0.940706 0.066823 0.050642
1 0.604664 0.883532 0.034749 0.065028
