1 0.215395 0.955091 0.102962 0.089818
0 0.764931 0.939015 0.069365 0.051445
0 0.751509 0.866787 0.060075 0.043101
0 0.364861 0.718126 0.048656 0.039670
0 0.232073 0.792692 0.031848 0.054131
0 0.686376 0.943840 0.064711 0.049969
0 0.298786 0.681622 0.047248 0.041278
0 0.504580 0.793620 0.087536 0.059078
0 0.429864 0.799094 0.046583 0.058329
0 0.270037 0.795049 0.032890 0.060701
0 0.251704 0.718490 0.052090 0.045974
0 0.739374 0.825408 0.066159 0.042292
0 0.355447 0.807164 0.030755 0.059363
0 0.201561 0.634981 0.044645 0.033105
0 0.389574 0.808659 0.033968 0.061057
0 0.195033 0.785413 0.036387 0.068671
0 0.163508 0.790405 0.038973 0.066184
0 0.023378 0.682274 0.046662 0.039920
0 0.321402 0.800228 0.032757 0.068187
