0 0.751480 0.867815 0.059181 0.041992
0 0.765216 0.940378 0.069494 0.050698
1 0.216503 0.956021 0.101787 0.087958
0 0.299271 0.682464 0.048571 0.042618
0 0.686023 0.944146 0.065323 0.049272
0 0.206780 0.714900 0.051466 0.040779
0 0.504346 0.795584 0.089767 0.063209
1 0.067910 0.503520 0.027364 0.036039
0 0.232256 0.794551 0.031829 0.053702
1 0.025123 0.559645 0.035034 0.037118
0 0.429753 0.800315 0.047159 0.059524
0 0.739506 0.826108 0.067757 0.040245
0 0.194551 0.786103 0.033605 0.067769
0 0.364867 0.719266 0.047953 0.039804
0 0.899920 0.923838 0.057090 0.038566
0 0.270367 0.795292 0.032624 0.062561
0 0.355213 0.807377 0.030075 0.058978
0 0.673524 0.821089 0.070494 0.051555
0 0.675120 0.835395 0.073437 0.079887
1 0.504463 0.800707 0.097153 0.072445
