0 0.300052 0.683190 0.048210 0.042402
1 0.215345 0.955855 0.104238 0.088290
0 0.752235 0.868480 0.059611 0.041738
0 0.232586 0.795349 0.031070 0.052074
0 0.765204 0.940904 0.069148 0.051558
0 0.506432 0.794999 0.089579 0.067114
1 0.079070 0.489713 0.029939 0.037142
1 0.043288 0.726598 0.059362 0.046387
0 0.270330 0.795924 0.032828 0.061622
0 0.356044 0.807764 0.031680 0.058999
0 0.686232 0.945717 0.065121 0.049365
0 0.389884 0.809486 0.034261 0.060367
0 0.365343 0.719553 0.048167 0.038206
0 0.738910 0.826386 0.063378 0.042727
0 0.043117 0.727144 0.054558 0.046058
0 0.201910 0.634423 0.044551 0.034505
1 0.364751 0.722035 0.047489 0.032862
0 0.430330 0.801890 0.046718 0.056874
0 0.476735 0.711092 0.051047 0.041477
0 0.455550 0.767315 0.043154 0.043691
