1 0.216307 0.955042 0.102369 0.089601
0 0.765169 0.939040 0.069599 0.051259
0 0.298735 0.682128 0.046746 0.041090
0 0.751854 0.866942 0.060215 0.043009
0 0.232143 0.792457 0.031912 0.052639
0 0.686764 0.943480 0.065686 0.049323
0 0.365275 0.718477 0.048719 0.037407
0 0.504261 0.793737 0.087164 0.058151
0 0.270180 0.794758 0.033157 0.061315
0 0.739083 0.825471 0.065639 0.041289
0 0.355358 0.807523 0.030550 0.058104
0 0.202722 0.634413 0.044153 0.031639
0 0.321587 0.800251 0.033015 0.067656
0 0.899863 0.923063 0.057099 0.039021
0 0.172781 0.894840 0.069871 0.068933
0 0.389113 0.808029 0.033662 0.062246
