0 0.764957 0.940097 0.069469 0.050662
0 0.751278 0.867718 0.060109 0.042212
0 0.685905 0.943793 0.064643 0.048036
0 0.503982 0.792795 0.086591 0.055650
0 0.298938 0.683060 0.049082 0.040569
0 0.197263 0.692071 0.040657 0.041363
0 0.231794 0.792863 0.032307 0.054582
1 0.216451 0.955810 0.101650 0.088380
0 0.739809 0.826371 0.067254 0.040179
0 0.202499 0.635157 0.044050 0.029787
0 0.365133 0.718802 0.048896 0.038949
0 0.899598 0.924220 0.056258 0.037691
0 0.270384 0.794358 0.032572 0.064390
1 0.364404 0.719167 0.049381 0.037339
0 0.389503 0.808897 0.033957 0.060187
0 0.429126 0.800530 0.046283 0.058535
0 0.474310 0.713251 0.048682 0.045961
0 0.355635 0.807452 0.029818 0.059610
0 0.175316 0.902899 0.079629 0.084527
