1 0.215743 0.954639 0.102663 0.090074
0 0.232072 0.792042 0.032005 0.053971
0 0.751365 0.866547 0.060371 0.042942
0 0.686266 0.943382 0.065563 0.050007
0 0.764849 0.938941 0.069400 0.050867
0 0.298638 0.681627 0.047149 0.040599
0 0.365084 0.717887 0.047640 0.039343
0 0.504247 0.793432 0.087080 0.058125
0 0.739344 0.825469 0.066107 0.041674
0 0.269786 0.794770 0.032629 0.061596
0 0.310391 0.734658 0.051692 0.037763
0 0.355283 0.806920 0.030838 0.059108
0 0.429908 0.798864 0.047029 0.057690
0 0.201749 0.634759 0.044208 0.031153
0 0.389412 0.808493 0.034146 0.061010
0 0.321607 0.800814 0.032378 0.067118
0 0.148014 0.615570 0.044091 0.034414
0 0.899575 0.922951 0.057507 0.039691
0 0.172410 0.895341 0.070694 0.069933
