1 0.215741 0.954801 0.103357 0.090120
0 0.232109 0.793371 0.031468 0.052580
0 0.764951 0.938648 0.069302 0.051419
0 0.751205 0.866543 0.060098 0.043233
0 0.686191 0.943505 0.065749 0.049830
0 0.298665 0.681852 0.046872 0.041602
0 0.234070 0.718751 0.049260 0.044613
0 0.365127 0.718013 0.048650 0.039702
0 0.429879 0.799046 0.046959 0.058369
0 0.505035 0.794253 0.089276 0.061491
0 0.739200 0.825598 0.065871 0.041979
0 0.270167 0.794778 0.033148 0.062524
0 0.355383 0.807041 0.030379 0.058804
0 0.389301 0.808485 0.034552 0.060955
1 0.037566 0.542957 0.032194 0.039392
1 0.076974 0.490212 0.028302 0.032567
0 0.899679 0.923176 0.058187 0.040006
0 0.194762 0.785729 0.035598 0.067419
0 0.163592 0.790247 0.039855 0.065088
0 0.202299 0.634165 0.045161 0.031447
