1 0.215586 0.955143 0.102841 0.089104
0 0.764955 0.939195 0.069320 0.051766
0 0.751529 0.867212 0.060489 0.043544
0 0.364557 0.718428 0.048804 0.039662
0 0.686980 0.943772 0.064660 0.049457
0 0.231681 0.793761 0.030442 0.051987
0 0.429780 0.798977 0.046804 0.058386
0 0.298834 0.681279 0.046646 0.040994
0 0.252793 0.745832 0.054488 0.044999
0 0.504051 0.793613 0.086813 0.057568
0 0.585074 0.818534 0.047593 0.065816
0 0.355471 0.806992 0.030936 0.059794
1 0.042436 0.724610 0.060109 0.045455
0 0.389173 0.808432 0.033363 0.061614
0 0.195280 0.785187 0.036163 0.068782
0 0.899569 0.923066 0.057886 0.040049
0 0.201826 0.634449 0.043951 0.032538
1 0.584771 0.818123 0.047195 0.064642
0 0.163906 0.789834 0.039832 0.066420
0 0.270010 0.794584 0.030921 0.061238
0 0.670775 0.818900 0.062774 0.050367
