0 0.319307 0.753568 0.055890 0.046062
0 0.752297 0.868099 0.059627 0.042075
0 0.764934 0.940631 0.068871 0.051146
0 0.504209 0.795736 0.087327 0.059933
0 0.299808 0.682578 0.047938 0.042885
1 0.042049 0.726920 0.061748 0.046653
1 0.594772 0.834901 0.046329 0.065170
1 0.216116 0.956083 0.105892 0.087834
0 0.686230 0.945587 0.064952 0.046117
0 0.232099 0.792886 0.031707 0.054912
0 0.201485 0.635718 0.043986 0.032835
0 0.430257 0.800835 0.047375 0.058605
0 0.364117 0.719061 0.048826 0.038973
0 0.898974 0.923933 0.059386 0.040106
