1 0.215886 0.956028 0.102467 0.087945
0 0.504008 0.796646 0.087167 0.062373
0 0.765005 0.940190 0.068601 0.050094
0 0.751836 0.868127 0.059329 0.042645
0 0.231871 0.792232 0.032063 0.055543
0 0.270455 0.793919 0.032441 0.065984
0 0.686001 0.944642 0.065283 0.049886
0 0.299068 0.681980 0.046902 0.039111
0 0.355463 0.806552 0.029673 0.061194
0 0.430086 0.801115 0.047446 0.058059
0 0.389490 0.808741 0.034754 0.061680
1 0.326923 0.749365 0.081349 0.068397
0 0.739512 0.826000 0.066873 0.039482
0 0.195249 0.786163 0.035955 0.069482
