1 0.215513 0.955670 0.104877 0.088660
0 0.504738 0.792745 0.089692 0.057189
0 0.764702 0.940043 0.069420 0.050062
0 0.751277 0.868018 0.059092 0.042348
0 0.205007 0.712710 0.052322 0.045863
0 0.298418 0.682118 0.047792 0.042400
0 0.686403 0.944836 0.063735 0.046605
0 0.232049 0.793861 0.031541 0.055032
1 0.075742 0.492358 0.030120 0.035030
0 0.201165 0.633849 0.045950 0.035739
0 0.270295 0.794894 0.032512 0.061393
0 0.429060 0.799620 0.047459 0.060112
0 0.194356 0.786018 0.033722 0.068487
0 0.364157 0.718951 0.047405 0.039428
0 0.388830 0.808754 0.034531 0.063387
0 0.167726 0.892899 0.063020 0.067677
0 0.163621 0.790494 0.039640 0.067522
1 0.504602 0.797980 0.097528 0.063568
