1 0.216022 0.955345 0.101984 0.089008
0 0.764838 0.939139 0.069758 0.051629
0 0.751590 0.866702 0.060355 0.043478
0 0.298877 0.681609 0.047399 0.041283
0 0.686269 0.943714 0.064898 0.049469
0 0.430007 0.799011 0.047048 0.057561
0 0.365215 0.718555 0.048821 0.038648
0 0.232041 0.792777 0.031268 0.052883
0 0.062282 0.689207 0.053859 0.041197
0 0.504282 0.793738 0.087400 0.058953
0 0.254495 0.725264 0.047454 0.043536
0 0.270219 0.795032 0.032901 0.060503
0 0.163934 0.789205 0.039102 0.064280
0 0.739489 0.825451 0.066457 0.041844
0 0.355442 0.807429 0.030345 0.058718
0 0.170459 0.739438 0.053177 0.044831
0 0.389359 0.808237 0.034205 0.061017
0 0.321335 0.800267 0.032768 0.067823
0 0.899037 0.922868 0.059401 0.039720
0 0.202451 0.634401 0.044297 0.032228
