0 0.419883 0.763156 0.053626 0.045118
1 0.215700 0.955775 0.103049 0.088451
0 0.299128 0.682508 0.047465 0.041837
0 0.751776 0.868450 0.058601 0.042495
0 0.201752 0.634803 0.044454 0.031687
0 0.764904 0.940489 0.068343 0.050657
1 0.067202 0.503288 0.030211 0.036878
0 0.504796 0.792508 0.085902 0.053739
1 0.040727 0.726542 0.064402 0.045762
0 0.232364 0.793093 0.031420 0.053162
0 0.685990 0.945084 0.064592 0.048748
0 0.364256 0.719202 0.047101 0.039049
0 0.429603 0.801980 0.045481 0.054973
0 0.738704 0.825968 0.063657 0.042736
0 0.195000 0.786307 0.035424 0.070617
0 0.270386 0.795464 0.032554 0.062660
0 0.355864 0.806597 0.030762 0.060756
