1 0.216285 0.955355 0.102541 0.089290
0 0.298907 0.681890 0.046583 0.040588
0 0.764997 0.938911 0.069725 0.051375
0 0.751303 0.866926 0.060535 0.042585
0 0.686203 0.943285 0.065986 0.049591
0 0.232176 0.792302 0.032166 0.052496
0 0.365300 0.718435 0.048778 0.037652
0 0.504204 0.793502 0.087223 0.058410
0 0.269888 0.794166 0.033417 0.061572
0 0.355476 0.807410 0.031026 0.057783
0 0.201483 0.634568 0.044555 0.031674
0 0.899561 0.923366 0.058367 0.039314
0 0.321493 0.800730 0.033125 0.067774
0 0.739681 0.825148 0.065999 0.043661
1 0.063348 0.476713 0.026609 0.042380
