0 0.751966 0.868232 0.059848 0.041768
0 0.764851 0.940104 0.068967 0.050774
1 0.215350 0.956077 0.102716 0.087847
0 0.685687 0.944931 0.064500 0.048308
0 0.505015 0.797001 0.088802 0.061136
0 0.298564 0.682748 0.048690 0.040057
0 0.267163 0.749118 0.054637 0.041821
0 0.398726 0.755335 0.050097 0.043110
0 0.231911 0.793576 0.032259 0.052836
0 0.062546 0.690000 0.053575 0.041357
0 0.738663 0.826077 0.063752 0.042247
0 0.429866 0.801600 0.047431 0.057323
0 0.389522 0.808922 0.033985 0.059798
0 0.270577 0.793918 0.032512 0.065520
0 0.321307 0.801583 0.032827 0.068020
