1 0.215673 0.955323 0.101853 0.089094
0 0.686382 0.943950 0.065087 0.049957
0 0.764676 0.938809 0.069581 0.051204
0 0.429771 0.798678 0.047263 0.057683
0 0.365054 0.717962 0.048679 0.039173
0 0.751298 0.866758 0.059830 0.043321
0 0.061816 0.689312 0.053287 0.041786
0 0.298414 0.681969 0.046426 0.042080
0 0.504148 0.793481 0.087355 0.058434
0 0.194641 0.740563 0.055361 0.042014
0 0.739226 0.825279 0.065424 0.042011
0 0.232398 0.793093 0.031458 0.053031
0 0.269857 0.794871 0.032296 0.061296
0 0.289557 0.733934 0.047152 0.039621
0 0.355664 0.806927 0.030518 0.058944
0 0.164056 0.790024 0.039794 0.063893
0 0.389189 0.808368 0.033967 0.061049
0 0.201588 0.633736 0.044156 0.031833
0 0.321832 0.800622 0.033054 0.066846
0 0.899452 0.923031 0.058623 0.039620
