1 0.216154 0.955066 0.102682 0.088981
0 0.298997 0.681502 0.047316 0.040337
0 0.232257 0.792572 0.032597 0.053180
0 0.751341 0.866744 0.060839 0.042949
0 0.764750 0.938721 0.069404 0.051137
0 0.686683 0.943290 0.065621 0.049472
0 0.504565 0.793887 0.087692 0.058202
0 0.333950 0.751333 0.043906 0.038788
0 0.739169 0.825550 0.065810 0.041766
0 0.201887 0.634769 0.044764 0.031217
0 0.270119 0.794179 0.032993 0.062554
0 0.355493 0.807001 0.030275 0.057633
0 0.364953 0.718261 0.049254 0.037717
0 0.900372 0.923191 0.056406 0.039317
0 0.321583 0.800438 0.032841 0.067655
0 0.173943 0.895443 0.072026 0.071962
0 0.163637 0.790127 0.040820 0.064274
0 0.194787 0.785611 0.037304 0.067059
