1 0.216176 0.955025 0.102988 0.088855
0 0.298613 0.681796 0.047098 0.040856
0 0.764951 0.939095 0.069891 0.051505
0 0.231978 0.792291 0.032253 0.052760
0 0.686013 0.943781 0.065965 0.049670
0 0.751600 0.866660 0.060144 0.042978
0 0.365204 0.717850 0.048869 0.038724
0 0.504162 0.793675 0.087439 0.058230
0 0.738929 0.825111 0.065388 0.042386
0 0.269864 0.794026 0.033730 0.062209
0 0.201542 0.634813 0.044973 0.032166
0 0.355678 0.806784 0.031138 0.058984
0 0.611643 0.785875 0.043426 0.039970
0 0.899562 0.922942 0.058331 0.039506
1 0.097235 0.434924 0.025802 0.052775
0 0.673073 0.818149 0.065440 0.047709
0 0.321668 0.800905 0.033412 0.066845
0 0.171885 0.894777 0.067732 0.069770
