1 0.216047 0.955326 0.102239 0.089174
0 0.298334 0.681412 0.047690 0.040503
0 0.764709 0.938730 0.069236 0.050865
0 0.751762 0.866801 0.059803 0.042608
0 0.686430 0.943207 0.066282 0.049670
0 0.232244 0.792216 0.032276 0.053222
0 0.351024 0.753171 0.041920 0.039131
0 0.504335 0.793797 0.087426 0.058688
0 0.739167 0.825365 0.066079 0.041776
0 0.270062 0.794240 0.032926 0.062344
0 0.355851 0.806435 0.029620 0.058558
0 0.201715 0.634426 0.044324 0.031546
0 0.900342 0.922962 0.056575 0.038653
0 0.364096 0.718275 0.047165 0.037656
0 0.149041 0.615288 0.044604 0.033190
0 0.163934 0.790377 0.040980 0.065176
