1 0.215719 0.954938 0.102754 0.089369
0 0.751161 0.866535 0.059853 0.043056
0 0.686065 0.943041 0.066211 0.049282
0 0.764748 0.938868 0.069024 0.050905
0 0.232079 0.792239 0.032234 0.053928
0 0.365279 0.717652 0.048953 0.039657
0 0.298262 0.681794 0.046255 0.039935
0 0.504065 0.793817 0.087637 0.058249
0 0.739236 0.825290 0.066017 0.041813
0 0.269901 0.794513 0.032627 0.061130
0 0.429761 0.799046 0.047071 0.057923
0 0.201486 0.634968 0.044719 0.031404
0 0.293677 0.732803 0.052857 0.039293
0 0.355371 0.807435 0.030516 0.058458
0 0.389247 0.808277 0.034179 0.061562
0 0.149100 0.615300 0.045006 0.033745
0 0.899516 0.923228 0.058247 0.039591
0 0.321401 0.800821 0.032583 0.068209
