1 0.215898 0.955330 0.102008 0.088920
0 0.298983 0.681765 0.047071 0.041966
0 0.686270 0.943954 0.065950 0.049702
0 0.764828 0.939013 0.069025 0.051171
0 0.751357 0.866904 0.060160 0.043928
0 0.429923 0.799015 0.047426 0.057637
0 0.365083 0.718724 0.048673 0.038242
0 0.231984 0.792376 0.031757 0.053354
0 0.199211 0.711569 0.045959 0.039089
0 0.504262 0.793214 0.087453 0.058377
0 0.739073 0.825305 0.065889 0.041982
0 0.270402 0.794883 0.032346 0.061030
0 0.061138 0.688244 0.053379 0.040294
0 0.355464 0.807567 0.030910 0.058803
0 0.389692 0.809006 0.033926 0.060986
0 0.899519 0.922793 0.059072 0.040119
0 0.321173 0.800333 0.032672 0.067738
