0 0.397971 0.762031 0.063708 0.044688
0 0.751201 0.867818 0.059937 0.042798
0 0.765025 0.940437 0.068952 0.050835
0 0.299505 0.682037 0.049059 0.042927
1 0.215970 0.955895 0.101485 0.088210
0 0.504719 0.796509 0.088528 0.060001
0 0.232075 0.793045 0.031580 0.054004
0 0.685914 0.945808 0.064312 0.046814
0 0.739459 0.826310 0.068343 0.040688
0 0.203075 0.635107 0.044354 0.030483
0 0.270254 0.794972 0.032716 0.063137
0 0.355173 0.807859 0.030394 0.058669
0 0.195347 0.785577 0.036468 0.071573
0 0.389319 0.809060 0.033420 0.060822
0 0.149488 0.616220 0.046491 0.034383
0 0.163863 0.790987 0.040460 0.066465
0 0.675004 0.834152 0.072773 0.076272
0 0.321216 0.801747 0.032466 0.067870
