0 0.243511 0.741852 0.056900 0.044254
0 0.232118 0.795018 0.031709 0.053777
1 0.215655 0.955790 0.103210 0.088420
0 0.504332 0.792164 0.086931 0.052382
0 0.751478 0.867790 0.060013 0.042451
0 0.765134 0.940491 0.069710 0.050788
0 0.298861 0.683568 0.047235 0.039932
0 0.685916 0.944188 0.065762 0.048102
0 0.270488 0.795742 0.032205 0.061476
0 0.355500 0.806769 0.030680 0.059394
1 0.364546 0.720995 0.048778 0.036079
0 0.389135 0.808776 0.034637 0.061077
0 0.429607 0.801133 0.046995 0.058330
0 0.739912 0.826282 0.068680 0.040293
0 0.194357 0.787114 0.036106 0.068740
0 0.365228 0.719395 0.048792 0.038939
1 0.041668 0.725875 0.064998 0.046905
0 0.473079 0.710641 0.048449 0.042129
0 0.899870 0.923606 0.058277 0.038951
