0 0.505701 0.792838 0.091858 0.083328
0 0.752010 0.868153 0.058989 0.042427
1 0.215572 0.955893 0.104334 0.088213
0 0.686408 0.944522 0.064145 0.048661
0 0.299226 0.684245 0.048532 0.039855
0 0.764287 0.939787 0.066971 0.049526
0 0.232070 0.793570 0.031745 0.053426
0 0.270460 0.795661 0.032117 0.062471
0 0.365102 0.719058 0.048235 0.039835
0 0.497355 0.782899 0.073531 0.060500
0 0.898977 0.923560 0.057328 0.040048
1 0.505704 0.798534 0.095383 0.074979
0 0.670754 0.823959 0.063282 0.056018
0 0.738715 0.826246 0.065274 0.041570
0 0.355378 0.806653 0.031114 0.060384
0 0.389515 0.808955 0.034237 0.060954
0 0.164521 0.791897 0.039655 0.067557
0 0.476604 0.710734 0.051283 0.039675
0 0.430151 0.800671 0.046657 0.057450
0 0.321599 0.801757 0.033126 0.068122
0 0.169017 0.894523 0.066515 0.070513
0 0.487433 0.767705 0.052486 0.030410
