0 0.751813 0.868051 0.058856 0.043091
0 0.505462 0.796007 0.090989 0.065081
0 0.765235 0.940313 0.069550 0.050112
1 0.216126 0.955957 0.102445 0.088085
0 0.298692 0.682694 0.047396 0.040582
0 0.686500 0.944932 0.065018 0.047022
0 0.062600 0.690107 0.054440 0.041191
0 0.202844 0.635023 0.044225 0.030706
0 0.672249 0.820396 0.068297 0.050986
0 0.232064 0.794066 0.031894 0.052406
0 0.355380 0.807459 0.030240 0.058749
0 0.739600 0.826126 0.067897 0.040670
0 0.270428 0.796349 0.032847 0.061253
0 0.365327 0.718926 0.049137 0.039177
0 0.674755 0.834444 0.072903 0.078791
0 0.429898 0.800426 0.047115 0.057474
0 0.389352 0.808737 0.034014 0.060604
0 0.898888 0.923623 0.058821 0.038544
0 0.321389 0.801842 0.033166 0.067639
