1 0.216101 0.954944 0.102580 0.089355
0 0.764854 0.938818 0.069164 0.050796
0 0.751356 0.866679 0.060528 0.043296
0 0.686192 0.943764 0.064580 0.049697
0 0.364944 0.718244 0.049465 0.039772
0 0.232229 0.792089 0.032276 0.053559
0 0.429829 0.798910 0.047415 0.058117
0 0.298181 0.681621 0.046148 0.040827
0 0.504161 0.793415 0.087303 0.057988
0 0.278754 0.745099 0.057085 0.045611
0 0.739132 0.825574 0.065433 0.041428
0 0.270000 0.794301 0.032735 0.063140
0 0.355417 0.807423 0.030969 0.058347
0 0.389399 0.808182 0.034166 0.060869
0 0.899155 0.923068 0.058445 0.039790
0 0.201842 0.633912 0.045225 0.032566
