1 0.216403 0.955004 0.102263 0.089260
0 0.232294 0.792807 0.032123 0.053315
0 0.751431 0.866619 0.060270 0.042671
0 0.686401 0.943020 0.066501 0.049671
0 0.764821 0.938975 0.069332 0.051035
0 0.298543 0.681849 0.047107 0.040127
0 0.365114 0.718421 0.049441 0.039203
0 0.504388 0.794065 0.087529 0.058957
0 0.282005 0.745739 0.041681 0.040799
0 0.269632 0.793890 0.032650 0.061822
0 0.739445 0.825507 0.066049 0.041495
0 0.201798 0.634602 0.044662 0.030742
0 0.355222 0.807205 0.030513 0.057209
0 0.900268 0.923158 0.056742 0.038363
0 0.321673 0.800577 0.032705 0.066404
0 0.174021 0.894840 0.072499 0.070290
