1 0.215970 0.955298 0.102045 0.089225
0 0.298769 0.681449 0.047262 0.040226
0 0.751568 0.866766 0.060390 0.042699
0 0.764797 0.938684 0.069406 0.050794
0 0.686560 0.943299 0.066151 0.049850
0 0.232162 0.792418 0.031994 0.052771
0 0.364979 0.718510 0.048837 0.037293
0 0.739118 0.825311 0.065652 0.041914
0 0.270005 0.794422 0.033125 0.062080
0 0.505452 0.794223 0.086080 0.057580
0 0.201622 0.634629 0.045220 0.032278
0 0.355689 0.806540 0.030659 0.058793
0 0.900165 0.922579 0.056815 0.038435
0 0.321634 0.800168 0.033044 0.067595
0 0.172949 0.895183 0.072930 0.069979
