1 0.216040 0.954974 0.102023 0.089887
0 0.298868 0.681705 0.047029 0.042644
0 0.686015 0.943439 0.065820 0.050111
0 0.764967 0.939197 0.069372 0.051377
0 0.751559 0.866847 0.060140 0.043139
0 0.232310 0.792339 0.031862 0.053535
0 0.365100 0.718396 0.049431 0.039633
0 0.430129 0.798930 0.046435 0.058126
0 0.504436 0.793713 0.087420 0.058512
0 0.739407 0.825688 0.065840 0.041643
0 0.355577 0.807491 0.030536 0.058704
0 0.270280 0.794928 0.032563 0.061625
0 0.389541 0.808862 0.033947 0.061246
0 0.130014 0.734963 0.056914 0.043456
0 0.201621 0.634809 0.044519 0.032679
0 0.614238 0.910565 0.037605 0.076850
0 0.899543 0.922847 0.058208 0.040051
0 0.321238 0.799815 0.033010 0.068786
