0 0.751392 0.868202 0.059283 0.041980
0 0.765070 0.939902 0.069489 0.049917
1 0.216306 0.956023 0.102324 0.087954
0 0.298354 0.682211 0.047334 0.041412
0 0.505334 0.799293 0.088592 0.067348
0 0.685838 0.943547 0.065823 0.047890
0 0.231953 0.792866 0.032264 0.053063
0 0.738416 0.825637 0.064258 0.043682
0 0.270201 0.794919 0.032606 0.062550
0 0.900180 0.923659 0.057268 0.038602
0 0.201815 0.634343 0.044862 0.032177
0 0.364946 0.719204 0.048073 0.039086
0 0.429898 0.800700 0.047397 0.058181
0 0.355284 0.808111 0.030379 0.057515
0 0.170781 0.897889 0.065875 0.068836
1 0.364016 0.720490 0.049414 0.036390
