1 0.215913 0.954910 0.102096 0.089467
0 0.298513 0.681598 0.047305 0.042093
0 0.751750 0.866975 0.059537 0.042435
0 0.232123 0.792383 0.031797 0.052292
0 0.686557 0.943465 0.065782 0.049608
0 0.764871 0.938849 0.069366 0.050929
0 0.365328 0.718343 0.048675 0.038236
0 0.739319 0.825527 0.065919 0.041691
0 0.270204 0.794690 0.033195 0.061590
0 0.505382 0.795219 0.087956 0.059144
0 0.201309 0.634583 0.043695 0.030581
0 0.355479 0.806997 0.030940 0.058071
0 0.899604 0.922774 0.058692 0.039378
0 0.321694 0.800448 0.033033 0.067720
