1 0.215313 0.955095 0.102949 0.089611
0 0.364457 0.718198 0.049070 0.039096
0 0.764240 0.938487 0.068954 0.051683
0 0.751168 0.866406 0.060167 0.043624
0 0.429396 0.798643 0.047549 0.058340
0 0.231833 0.792007 0.031615 0.054183
0 0.686127 0.943464 0.064796 0.050182
0 0.298417 0.681209 0.047295 0.041685
0 0.504346 0.793973 0.089366 0.061520
0 0.738773 0.825061 0.065179 0.041929
0 0.164976 0.705574 0.050679 0.041407
0 0.354868 0.807204 0.031196 0.058923
0 0.270049 0.793900 0.032456 0.062528
0 0.388746 0.808346 0.033464 0.061258
0 0.163296 0.789804 0.039238 0.066837
1 0.052996 0.515539 0.029291 0.036388
1 0.042193 0.724727 0.056397 0.045021
0 0.194956 0.785080 0.036020 0.069032
0 0.200911 0.633319 0.044148 0.032822
0 0.559842 0.758650 0.047358 0.048832
0 0.671113 0.820052 0.066179 0.053794
1 0.505631 0.796214 0.092866 0.064456
