0 0.751595 0.867683 0.060060 0.041502
0 0.765203 0.939715 0.069534 0.049443
1 0.215876 0.955948 0.102349 0.088104
0 0.504504 0.794010 0.087537 0.056787
0 0.253901 0.727999 0.054607 0.043897
0 0.298654 0.682089 0.047278 0.038345
0 0.686195 0.944052 0.064732 0.049780
0 0.232238 0.794139 0.031444 0.053478
0 0.270195 0.796749 0.032642 0.060823
0 0.429745 0.800918 0.047320 0.057880
0 0.177816 0.906166 0.082054 0.090029
0 0.738700 0.826129 0.063778 0.042370
0 0.201133 0.635232 0.044432 0.030830
0 0.149468 0.616738 0.045980 0.034367
0 0.365130 0.719640 0.048986 0.039719
0 0.164195 0.791134 0.040639 0.066723
0 0.354919 0.807480 0.031281 0.058354
0 0.195731 0.785853 0.035946 0.068766
1 0.051268 0.527532 0.031035 0.031887
0 0.389108 0.808851 0.034584 0.062494
0 0.321360 0.801628 0.033457 0.067917
