1 0.215802 0.955275 0.102961 0.089451
0 0.764868 0.939001 0.069423 0.051387
0 0.299017 0.681423 0.047527 0.041508
0 0.751498 0.866723 0.059938 0.043423
0 0.232278 0.792329 0.032079 0.052850
0 0.365318 0.718129 0.048723 0.039059
0 0.686676 0.943848 0.065070 0.049140
0 0.430159 0.798866 0.046822 0.058048
0 0.503819 0.793654 0.086713 0.057595
0 0.739275 0.825375 0.065909 0.041935
0 0.270293 0.794127 0.033204 0.063177
0 0.201980 0.634766 0.044980 0.032281
0 0.355166 0.806558 0.031003 0.060266
0 0.389694 0.808750 0.034141 0.060521
1 0.588087 0.817148 0.050483 0.059231
1 0.092541 0.446097 0.027983 0.042609
1 0.155253 0.393883 0.030941 0.046977
0 0.321522 0.800496 0.033058 0.067346
0 0.899389 0.923579 0.059157 0.040296
