1 0.215597 0.955213 0.102579 0.089574
0 0.764747 0.939203 0.069015 0.051341
0 0.430171 0.799471 0.046655 0.058347
0 0.751715 0.867005 0.060476 0.043580
0 0.686519 0.943948 0.064628 0.049565
0 0.298993 0.681459 0.047013 0.042051
0 0.222396 0.743294 0.054498 0.044728
0 0.365046 0.718093 0.047695 0.038522
0 0.580866 0.810837 0.048959 0.065251
0 0.504426 0.794042 0.087387 0.058506
0 0.232793 0.794546 0.030508 0.051587
0 0.355797 0.807300 0.030594 0.059141
1 0.042468 0.725063 0.060480 0.045960
0 0.389450 0.808717 0.033991 0.061548
0 0.270513 0.795048 0.031964 0.060786
0 0.163802 0.790241 0.039195 0.065788
0 0.899861 0.923067 0.058629 0.040818
0 0.201634 0.634005 0.044372 0.033188
0 0.670959 0.819773 0.062055 0.051179
1 0.075588 0.473144 0.028996 0.030349
0 0.194031 0.786487 0.033916 0.067443
0 0.475213 0.711547 0.050554 0.046078
