1 0.215670 0.954856 0.103526 0.090211
0 0.751341 0.866637 0.060281 0.043908
0 0.764240 0.938998 0.068760 0.051482
0 0.364811 0.718179 0.049066 0.038838
0 0.686574 0.943577 0.065370 0.049730
0 0.232129 0.791600 0.031714 0.054716
0 0.429869 0.798963 0.047256 0.057617
0 0.298828 0.682252 0.047208 0.042952
0 0.198330 0.706245 0.046620 0.038950
0 0.504115 0.788275 0.087860 0.067226
0 0.270159 0.793986 0.031984 0.062185
0 0.355205 0.807001 0.031381 0.059858
0 0.389191 0.808760 0.033668 0.060781
0 0.738393 0.825411 0.064751 0.042947
0 0.194833 0.785766 0.035541 0.068495
0 0.670962 0.821139 0.063662 0.054952
0 0.163765 0.790164 0.039982 0.067180
0 0.476666 0.713127 0.055318 0.050313
