0 0.503950 0.793088 0.086338 0.054659
0 0.751299 0.867588 0.060248 0.041968
0 0.764784 0.940543 0.068404 0.050982
1 0.216089 0.955846 0.101680 0.088307
0 0.299118 0.681349 0.048898 0.040876
0 0.686036 0.945360 0.065408 0.049963
0 0.232050 0.793405 0.032135 0.053793
0 0.430250 0.800108 0.048083 0.058555
0 0.739437 0.826106 0.068785 0.040377
0 0.270348 0.794555 0.032423 0.063562
0 0.355726 0.807188 0.029059 0.061154
0 0.340390 0.751353 0.071830 0.066985
0 0.389891 0.808445 0.033732 0.061209
0 0.474911 0.712549 0.050597 0.044223
