0 0.751391 0.867553 0.060392 0.041012
0 0.765147 0.940322 0.068912 0.050646
1 0.216027 0.955950 0.102875 0.088101
0 0.299362 0.682853 0.047615 0.041556
0 0.505771 0.795541 0.090091 0.061955
0 0.686491 0.946240 0.064266 0.047252
0 0.062483 0.690366 0.053394 0.042211
0 0.203293 0.635356 0.045181 0.030798
0 0.232327 0.794544 0.031124 0.053241
0 0.365059 0.719517 0.048172 0.039694
0 0.899689 0.923905 0.057001 0.039774
0 0.739677 0.826035 0.067443 0.040326
1 0.364117 0.720869 0.048955 0.036384
0 0.270487 0.795406 0.032345 0.062522
