0 0.764598 0.940331 0.069306 0.051177
1 0.216320 0.956007 0.101033 0.087987
0 0.503682 0.794549 0.087201 0.058218
0 0.751341 0.867659 0.059615 0.041172
0 0.298683 0.682415 0.048397 0.040063
0 0.232282 0.794701 0.031500 0.052947
0 0.685810 0.944134 0.066367 0.048546
0 0.223415 0.713356 0.044186 0.045553
0 0.201654 0.635424 0.045420 0.030637
0 0.364975 0.718923 0.048087 0.038708
0 0.738794 0.826296 0.063675 0.041470
0 0.149348 0.615897 0.045956 0.034525
0 0.270234 0.794312 0.032556 0.063606
0 0.388970 0.809057 0.034158 0.059616
0 0.164435 0.791030 0.040308 0.066162
0 0.355215 0.807882 0.030321 0.057250
0 0.195088 0.786586 0.036039 0.068306
