1 0.215623 0.955172 0.103293 0.089653
0 0.686693 0.943555 0.066087 0.050150
0 0.765072 0.939164 0.069392 0.051510
0 0.751605 0.866875 0.060433 0.043906
0 0.257833 0.735026 0.050312 0.055910
0 0.232286 0.792881 0.031573 0.053647
0 0.298914 0.681116 0.047567 0.039770
0 0.738965 0.825517 0.065611 0.042091
0 0.345318 0.757789 0.051508 0.044310
0 0.504651 0.793819 0.088728 0.057700
0 0.042502 0.724978 0.055003 0.045075
0 0.163525 0.790109 0.039600 0.066070
0 0.270469 0.793587 0.032094 0.064276
0 0.201636 0.635071 0.044773 0.033103
0 0.671168 0.820040 0.062212 0.051948
0 0.194912 0.786029 0.035840 0.067966
0 0.364615 0.718706 0.047700 0.038358
0 0.899506 0.923095 0.057486 0.040020
0 0.355459 0.806588 0.028869 0.060421
0 0.434973 0.740149 0.050316 0.045780
0 0.148786 0.615663 0.044632 0.034908
