1 0.215647 0.955351 0.102038 0.089014
0 0.298387 0.681595 0.046884 0.042291
0 0.764690 0.938743 0.069627 0.051979
0 0.686663 0.943457 0.065351 0.050032
0 0.429697 0.798802 0.047068 0.057959
0 0.364968 0.718574 0.048351 0.038344
0 0.751399 0.866616 0.060718 0.043640
0 0.231999 0.792338 0.031420 0.053122
0 0.505227 0.794295 0.090055 0.063121
0 0.270056 0.794750 0.033124 0.060864
0 0.739435 0.824763 0.065786 0.043129
0 0.355728 0.806524 0.030523 0.059696
0 0.202201 0.634611 0.045216 0.032373
0 0.389183 0.808674 0.033803 0.060670
0 0.899311 0.923054 0.058533 0.040380
0 0.321760 0.800235 0.032795 0.067654
