1 0.215299 0.956101 0.102501 0.087799
0 0.367348 0.762199 0.054247 0.044155
0 0.751368 0.867945 0.058847 0.043027
0 0.764452 0.940222 0.067562 0.050586
0 0.299110 0.682398 0.048132 0.041814
0 0.686276 0.944525 0.064513 0.047950
1 0.040109 0.724996 0.062254 0.044631
0 0.505318 0.790530 0.088981 0.047179
0 0.231863 0.793053 0.031983 0.053266
0 0.739298 0.825962 0.067571 0.040042
0 0.201582 0.634296 0.044634 0.031846
0 0.670245 0.829602 0.062594 0.067127
0 0.364397 0.719172 0.047827 0.042812
0 0.898949 0.923421 0.057104 0.038364
0 0.270353 0.794498 0.033044 0.063389
0 0.042194 0.726553 0.054469 0.045461
