1 0.215905 0.955232 0.102138 0.089014
0 0.299021 0.681614 0.047427 0.042222
0 0.686135 0.943532 0.065388 0.049215
0 0.764887 0.939033 0.069706 0.051789
0 0.429745 0.799290 0.046955 0.057587
0 0.751325 0.866811 0.060734 0.043859
0 0.364939 0.718362 0.049041 0.039982
0 0.232297 0.792224 0.032095 0.053925
0 0.739004 0.825434 0.065422 0.041606
0 0.504722 0.794484 0.088853 0.061090
0 0.202147 0.635049 0.044481 0.031938
0 0.270170 0.794236 0.032761 0.062420
0 0.565765 0.775818 0.063400 0.043010
0 0.355655 0.807641 0.030359 0.058019
0 0.389143 0.808891 0.033821 0.060553
0 0.148885 0.615596 0.044728 0.034417
0 0.672428 0.818311 0.065884 0.048273
0 0.899155 0.923033 0.058891 0.039539
0 0.321342 0.800625 0.032631 0.067726
