0 0.750989 0.867822 0.060573 0.042384
1 0.040759 0.724698 0.058437 0.045157
1 0.215691 0.956014 0.102819 0.087971
0 0.298992 0.682307 0.047378 0.040239
0 0.763793 0.940219 0.067419 0.049873
0 0.264024 0.748468 0.051814 0.043443
0 0.685999 0.944409 0.065203 0.049784
0 0.221353 0.715380 0.048999 0.047341
0 0.042015 0.725994 0.053799 0.046832
0 0.364640 0.719095 0.048312 0.038927
0 0.505838 0.793358 0.091335 0.059676
0 0.667338 0.827908 0.065085 0.068606
0 0.429727 0.800447 0.046961 0.057093
0 0.163659 0.791439 0.039443 0.064667
0 0.504891 0.787963 0.088114 0.042004
0 0.898559 0.924272 0.056826 0.038608
0 0.738694 0.826134 0.067649 0.040404
0 0.231852 0.793497 0.031533 0.056235
0 0.270695 0.793959 0.031598 0.065048
0 0.194601 0.786902 0.035771 0.067732
0 0.388592 0.808356 0.034159 0.061674
