0 0.282901 0.745127 0.057279 0.044675
0 0.504818 0.793884 0.088223 0.056569
0 0.751501 0.868069 0.059794 0.041611
1 0.216350 0.956063 0.103509 0.087875
0 0.765027 0.940755 0.069538 0.051103
0 0.298804 0.682868 0.046058 0.039331
0 0.685696 0.944889 0.066672 0.049098
0 0.232219 0.794189 0.031888 0.054021
0 0.739955 0.825883 0.067085 0.039797
0 0.270335 0.794688 0.032657 0.064883
0 0.429918 0.800700 0.047202 0.057255
0 0.389356 0.809119 0.033649 0.061151
0 0.355876 0.808612 0.031005 0.058522
1 0.364026 0.720961 0.047631 0.037200
0 0.321543 0.801373 0.032976 0.068782
0 0.364758 0.719488 0.047247 0.039366
0 0.195344 0.785783 0.035748 0.069957
