0 0.390272 0.745761 0.052398 0.042039
1 0.017425 0.563141 0.032358 0.063261
0 0.299584 0.682486 0.049443 0.042902
0 0.503980 0.791839 0.085523 0.052819
0 0.751847 0.867960 0.059085 0.042120
1 0.215973 0.955727 0.101595 0.088546
0 0.765141 0.940265 0.068930 0.050439
0 0.231673 0.793260 0.032401 0.054157
0 0.685598 0.944676 0.065707 0.049464
0 0.024089 0.724790 0.046874 0.044290
0 0.505100 0.800154 0.091795 0.070695
0 0.270429 0.795218 0.032577 0.062905
0 0.740040 0.825803 0.067682 0.039971
0 0.201473 0.634860 0.043376 0.031176
0 0.355483 0.807931 0.030808 0.057862
0 0.474984 0.711129 0.050570 0.043191
0 0.430124 0.801201 0.046903 0.057447
0 0.149290 0.617064 0.045864 0.036434
0 0.164715 0.791407 0.040156 0.066547
0 0.321584 0.801423 0.033872 0.069285
0 0.899778 0.923854 0.056869 0.038166
