1 0.215979 0.955301 0.103101 0.089087
0 0.299127 0.682596 0.046817 0.041833
0 0.686455 0.944278 0.064910 0.049842
0 0.430168 0.799468 0.047152 0.058563
0 0.364701 0.718430 0.048985 0.039583
0 0.751697 0.867080 0.060272 0.043589
0 0.764968 0.939290 0.069162 0.051446
0 0.232535 0.792862 0.031798 0.053688
0 0.504811 0.794211 0.088490 0.061513
0 0.739217 0.825686 0.065805 0.042859
0 0.162420 0.705871 0.050776 0.042557
0 0.270111 0.794809 0.033044 0.062140
0 0.355666 0.807433 0.030973 0.059429
0 0.389387 0.809484 0.034016 0.060096
0 0.202274 0.634908 0.045321 0.033039
0 0.163867 0.789799 0.039835 0.066520
1 0.042502 0.724860 0.057558 0.045779
0 0.195051 0.785381 0.035492 0.067902
1 0.052260 0.518461 0.029242 0.035025
0 0.671736 0.822178 0.066402 0.056033
0 0.558986 0.760514 0.048291 0.047880
0 0.168376 0.892920 0.061741 0.068193
