1 0.215851 0.955101 0.102369 0.089521
0 0.299030 0.681786 0.046994 0.042061
0 0.686488 0.943621 0.065154 0.049411
0 0.764960 0.939128 0.069310 0.051180
0 0.430054 0.798896 0.047238 0.057487
0 0.751553 0.866755 0.060289 0.043086
0 0.232278 0.792638 0.031915 0.052995
0 0.365455 0.718563 0.048227 0.038723
0 0.504193 0.793796 0.087368 0.058754
0 0.270281 0.794899 0.033131 0.061567
0 0.355777 0.807462 0.030365 0.058408
0 0.581120 0.790389 0.054741 0.044907
0 0.739036 0.825227 0.064660 0.042308
0 0.389547 0.808628 0.033812 0.060977
0 0.202395 0.635013 0.044202 0.031444
0 0.672799 0.818183 0.066184 0.048650
0 0.321552 0.800318 0.033107 0.068178
0 0.899177 0.922851 0.059491 0.039895
0 0.024065 0.722757 0.048042 0.047690
