1 0.216216 0.955936 0.102333 0.088128
0 0.764670 0.940175 0.068377 0.050373
0 0.751357 0.868052 0.060759 0.042680
0 0.504478 0.793635 0.088778 0.056325
0 0.331524 0.697898 0.049581 0.046367
0 0.685955 0.944711 0.064883 0.050169
0 0.231867 0.792708 0.032004 0.054518
0 0.293525 0.680457 0.035981 0.038911
0 0.270382 0.794289 0.032801 0.064508
0 0.364650 0.718297 0.047094 0.039632
0 0.389321 0.809083 0.034350 0.062776
0 0.164336 0.791054 0.038812 0.065476
0 0.354622 0.808103 0.030286 0.061258
0 0.203166 0.635509 0.045157 0.030972
0 0.739479 0.825667 0.068561 0.040398
0 0.430057 0.800413 0.047209 0.059066
0 0.174725 0.895831 0.074460 0.072811
0 0.321051 0.802092 0.032936 0.067490
