1 0.215883 0.955068 0.102714 0.089863
0 0.298395 0.681669 0.047203 0.041454
0 0.764600 0.938858 0.069892 0.051100
0 0.685891 0.943212 0.065351 0.049729
0 0.751109 0.866824 0.060278 0.042945
0 0.231903 0.791986 0.032244 0.053254
0 0.365114 0.717979 0.048717 0.037866
0 0.503642 0.793562 0.087077 0.058254
0 0.738786 0.825543 0.065567 0.041911
0 0.269871 0.793348 0.033789 0.062720
0 0.201651 0.633989 0.044399 0.031402
0 0.355213 0.806707 0.031034 0.059398
0 0.899085 0.922702 0.057412 0.039424
0 0.388886 0.807899 0.033029 0.061182
0 0.175355 0.896981 0.077418 0.072837
