1 0.215352 0.954739 0.102682 0.090522
0 0.232253 0.792516 0.031510 0.052897
0 0.764727 0.938874 0.069449 0.051747
0 0.686580 0.943795 0.065911 0.050197
0 0.751594 0.866805 0.060305 0.043483
0 0.262783 0.738361 0.049696 0.051969
0 0.298553 0.681342 0.046399 0.040218
0 0.739109 0.825542 0.066032 0.042736
0 0.504123 0.793247 0.087747 0.056747
0 0.042353 0.725088 0.054579 0.046028
0 0.270398 0.793062 0.032295 0.064093
0 0.354390 0.758763 0.048272 0.042004
0 0.364221 0.718510 0.049001 0.039836
0 0.201436 0.635041 0.044280 0.032421
0 0.164015 0.790371 0.040120 0.066027
0 0.671068 0.821496 0.062878 0.055536
0 0.355254 0.806025 0.028850 0.059869
0 0.899270 0.922943 0.058707 0.040365
0 0.194320 0.785694 0.036195 0.069267
0 0.149415 0.615507 0.044597 0.034725
