1 0.215970 0.955276 0.102408 0.089124
0 0.299038 0.682027 0.046847 0.041646
0 0.686393 0.943651 0.065620 0.050017
0 0.751231 0.866707 0.060390 0.043559
0 0.764829 0.938990 0.069564 0.051455
0 0.232084 0.792239 0.031563 0.052856
0 0.739232 0.825413 0.065875 0.042213
0 0.365242 0.718116 0.048318 0.039084
0 0.504763 0.794390 0.089903 0.061573
0 0.270204 0.794749 0.032430 0.062028
0 0.201567 0.634584 0.045369 0.032765
0 0.355463 0.806809 0.030185 0.059036
0 0.899485 0.923262 0.058588 0.039796
0 0.389123 0.808436 0.033644 0.061090
