1 0.215920 0.955854 0.102649 0.088293
0 0.298848 0.681981 0.048906 0.043325
0 0.764964 0.940397 0.068666 0.050472
0 0.504467 0.795554 0.086426 0.057358
0 0.751981 0.867918 0.058821 0.042302
1 0.607884 0.854886 0.040280 0.062962
0 0.685966 0.944321 0.065035 0.049278
0 0.232163 0.793160 0.031776 0.053888
0 0.270325 0.795997 0.032783 0.061804
0 0.365082 0.719328 0.048641 0.039949
0 0.389320 0.808629 0.034552 0.060881
0 0.355776 0.807026 0.030672 0.059370
1 0.364559 0.720015 0.049493 0.038632
1 0.068663 0.473879 0.028982 0.038738
0 0.202539 0.634890 0.043139 0.030804
0 0.739701 0.826267 0.068558 0.040708
1 0.164740 0.378268 0.029480 0.045584
