0 0.299515 0.683324 0.047506 0.041666
0 0.765141 0.940443 0.069629 0.050680
0 0.505715 0.796731 0.089793 0.061147
0 0.194083 0.739752 0.058256 0.042858
0 0.751352 0.867735 0.060806 0.041330
1 0.216469 0.955942 0.101570 0.088116
0 0.686037 0.944169 0.065030 0.047666
0 0.232585 0.794977 0.030778 0.053327
0 0.270425 0.795306 0.032787 0.064258
0 0.365123 0.719068 0.048363 0.038705
1 0.163125 0.791215 0.043449 0.060242
0 0.739829 0.825854 0.067835 0.039572
0 0.898911 0.924371 0.057787 0.038142
0 0.429566 0.801017 0.046531 0.058429
0 0.391066 0.811531 0.031434 0.060680
0 0.476141 0.712824 0.055142 0.047825
0 0.203160 0.635610 0.046065 0.031223
0 0.473595 0.710068 0.046030 0.039236
0 0.164454 0.791850 0.040302 0.065252
