1 0.215983 0.955492 0.101851 0.089017
0 0.298895 0.681854 0.047243 0.041938
0 0.764911 0.938756 0.069328 0.051392
0 0.751381 0.866555 0.060601 0.043351
0 0.686755 0.943365 0.065931 0.049298
0 0.232482 0.792390 0.031967 0.052918
0 0.365115 0.718356 0.048874 0.038980
0 0.739485 0.825516 0.065655 0.041729
0 0.270289 0.794444 0.033113 0.060996
0 0.505883 0.795558 0.086999 0.057761
0 0.355524 0.807378 0.030202 0.058613
0 0.441231 0.761149 0.057347 0.045416
0 0.202282 0.634684 0.044350 0.031626
0 0.389252 0.808380 0.033679 0.061553
0 0.430047 0.800512 0.045470 0.054339
0 0.899572 0.922504 0.058613 0.039564
0 0.321807 0.800131 0.032718 0.068141
