1 0.215712 0.956171 0.102437 0.087657
0 0.298245 0.681320 0.048360 0.040648
0 0.330000 0.738042 0.052369 0.037397
0 0.504201 0.791253 0.087378 0.051625
0 0.751156 0.867600 0.060297 0.042472
0 0.764716 0.939874 0.068613 0.050052
0 0.200834 0.635834 0.044580 0.030642
0 0.231872 0.792691 0.032155 0.053684
0 0.685642 0.944657 0.066021 0.048491
0 0.270254 0.794490 0.032735 0.064310
0 0.429390 0.800113 0.046629 0.057108
0 0.388869 0.808831 0.033921 0.060708
0 0.739699 0.825792 0.066607 0.040592
0 0.149997 0.616617 0.046540 0.034211
0 0.332460 0.731821 0.047923 0.042970
0 0.355593 0.807116 0.031145 0.060018
0 0.321169 0.801593 0.033219 0.068206
