1 0.215737 0.954975 0.103150 0.090017
0 0.232299 0.792692 0.032041 0.053593
0 0.751445 0.867022 0.059929 0.043664
0 0.686264 0.943719 0.065679 0.050451
0 0.364629 0.718338 0.048807 0.039786
0 0.764360 0.939112 0.068444 0.050111
0 0.298427 0.682387 0.048657 0.042269
0 0.429726 0.799318 0.046608 0.056657
0 0.270128 0.794241 0.032204 0.062416
0 0.354975 0.807495 0.031236 0.059193
0 0.154482 0.702717 0.046193 0.037745
0 0.503459 0.793990 0.093917 0.066746
0 0.389295 0.807856 0.034097 0.061849
0 0.670846 0.819746 0.062232 0.050052
0 0.476376 0.714938 0.054321 0.052777
0 0.738258 0.825336 0.064892 0.043087
0 0.201378 0.633515 0.043993 0.032471
0 0.164001 0.790546 0.038789 0.065931
0 0.194725 0.785850 0.036493 0.068799
0 0.899101 0.922987 0.057525 0.039908
0 0.321404 0.800895 0.032845 0.067737
