1 0.215969 0.955283 0.102556 0.089435
0 0.299061 0.682108 0.046972 0.041546
0 0.232562 0.792664 0.031970 0.052987
0 0.765035 0.939160 0.069248 0.051246
0 0.429832 0.799765 0.047192 0.058108
0 0.686462 0.943870 0.065152 0.049206
0 0.751621 0.867169 0.060284 0.042948
0 0.365391 0.718526 0.048339 0.038516
0 0.739344 0.825725 0.065449 0.041693
0 0.270271 0.794813 0.032863 0.061742
0 0.201663 0.635159 0.044463 0.032686
0 0.355328 0.807018 0.030519 0.059854
0 0.503783 0.784480 0.092128 0.078206
0 0.389508 0.808695 0.034116 0.061457
0 0.321410 0.800370 0.032664 0.067693
0 0.149615 0.616001 0.044812 0.034468
0 0.899455 0.922796 0.058846 0.040317
