0 0.751533 0.867596 0.060482 0.041138
0 0.764900 0.940380 0.069427 0.051302
0 0.505575 0.795802 0.089451 0.058277
0 0.299559 0.683024 0.049453 0.042003
1 0.215345 0.955772 0.103134 0.088456
0 0.686088 0.944339 0.067037 0.046957
0 0.738950 0.825568 0.064164 0.042939
0 0.201399 0.635597 0.044452 0.030595
0 0.231795 0.792728 0.032731 0.055254
0 0.390091 0.810131 0.032559 0.057336
0 0.390998 0.754419 0.074303 0.069297
0 0.900092 0.924024 0.057166 0.037964
0 0.270533 0.794844 0.032596 0.064211
0 0.673033 0.819544 0.069401 0.048197
