1 0.216684 0.955225 0.103819 0.089451
0 0.764743 0.938897 0.069028 0.051570
0 0.751969 0.866860 0.061159 0.043184
0 0.298525 0.681669 0.047214 0.041763
0 0.686219 0.943760 0.065628 0.049204
0 0.232276 0.792295 0.031823 0.053002
0 0.504146 0.793505 0.087506 0.058223
0 0.150317 0.693841 0.055891 0.041115
0 0.398843 0.759890 0.055001 0.043547
0 0.430143 0.799454 0.047035 0.056747
0 0.269595 0.794249 0.033148 0.060805
0 0.355180 0.806825 0.030157 0.059058
0 0.388898 0.808137 0.034009 0.061149
0 0.201770 0.634623 0.044472 0.032489
0 0.738459 0.825355 0.063753 0.041566
1 0.039927 0.725616 0.066310 0.047081
0 0.614896 0.974738 0.038900 0.050524
