1 0.215717 0.955201 0.102264 0.089501
0 0.298502 0.681688 0.047809 0.042666
0 0.751767 0.866733 0.060068 0.043527
0 0.429830 0.799353 0.047278 0.057342
0 0.764694 0.938690 0.069655 0.051522
0 0.232164 0.792035 0.031853 0.053126
0 0.686361 0.943969 0.064854 0.049600
0 0.365421 0.718497 0.048795 0.039102
1 0.084484 0.452576 0.030849 0.049659
0 0.244559 0.661293 0.050451 0.047009
0 0.739001 0.825226 0.065590 0.041698
0 0.504163 0.794066 0.088045 0.061292
0 0.270120 0.794258 0.033324 0.062466
0 0.355268 0.807323 0.030581 0.058674
1 0.597249 0.814750 0.034055 0.056760
0 0.389430 0.808851 0.034171 0.060740
0 0.321172 0.800512 0.032851 0.068256
