1 0.215903 0.955010 0.103658 0.089698
0 0.764879 0.939103 0.069093 0.051228
0 0.751540 0.866831 0.060177 0.043331
0 0.686894 0.943685 0.065122 0.049532
0 0.364618 0.718352 0.048655 0.039659
0 0.429939 0.798842 0.046874 0.058440
0 0.232412 0.792552 0.031641 0.054083
0 0.097521 0.734463 0.053141 0.043112
0 0.227491 0.707695 0.047015 0.039493
0 0.299353 0.683156 0.046943 0.041919
0 0.504947 0.793299 0.088851 0.062559
0 0.355522 0.807221 0.031020 0.059476
0 0.270255 0.794482 0.032823 0.062327
0 0.738493 0.825561 0.065038 0.043345
0 0.389742 0.808710 0.033705 0.061280
0 0.195667 0.785657 0.035719 0.068287
0 0.671336 0.821184 0.062391 0.054694
0 0.476385 0.712343 0.052867 0.048073
0 0.163483 0.791123 0.038594 0.066528
0 0.321571 0.800357 0.033022 0.068358
