1 0.216012 0.955725 0.102277 0.088491
0 0.298725 0.681550 0.047434 0.042171
0 0.764752 0.938664 0.069250 0.051499
0 0.751697 0.866877 0.060736 0.043265
0 0.686121 0.943818 0.065377 0.049667
0 0.429533 0.799161 0.047073 0.058221
0 0.365088 0.718328 0.048809 0.038930
0 0.232364 0.792539 0.032252 0.052878
0 0.504114 0.793429 0.087718 0.058425
0 0.270021 0.794280 0.033059 0.061028
0 0.355274 0.806899 0.030635 0.059455
0 0.067830 0.690650 0.053137 0.041816
0 0.389029 0.808637 0.034166 0.060745
0 0.164137 0.790135 0.039514 0.063234
0 0.179225 0.742313 0.053804 0.042691
0 0.201940 0.634358 0.043908 0.031874
0 0.737685 0.825071 0.064624 0.042623
0 0.899284 0.922851 0.057818 0.040581
0 0.321364 0.799947 0.033066 0.068566
0 0.039474 0.723372 0.064274 0.046624
