1 0.215753 0.955361 0.102039 0.089277
0 0.429682 0.798652 0.046899 0.057648
0 0.298527 0.681504 0.046837 0.042192
0 0.764713 0.938680 0.069602 0.051171
0 0.686026 0.944057 0.064646 0.049927
0 0.365179 0.718033 0.048704 0.039288
0 0.751511 0.866873 0.060102 0.042992
0 0.232123 0.792127 0.032032 0.052775
0 0.505093 0.794168 0.089899 0.062462
0 0.269963 0.794577 0.033024 0.061268
0 0.355270 0.806908 0.030755 0.058895
0 0.389353 0.808650 0.034042 0.060764
0 0.201334 0.634018 0.043806 0.031627
0 0.739214 0.824839 0.065701 0.042644
0 0.321240 0.800402 0.032850 0.067344
0 0.899707 0.922778 0.058392 0.040160
