1 0.215464 0.955398 0.102352 0.089061
0 0.764727 0.938871 0.069661 0.051681
0 0.686478 0.943780 0.064447 0.049118
0 0.232242 0.792147 0.031859 0.052975
0 0.751461 0.866749 0.060368 0.043451
0 0.429861 0.798840 0.047264 0.056535
0 0.298959 0.681793 0.047346 0.041661
0 0.061940 0.689279 0.053976 0.042253
0 0.504441 0.794435 0.089442 0.061656
0 0.739328 0.825253 0.065699 0.042183
0 0.269820 0.793967 0.033171 0.062382
0 0.341707 0.757580 0.055583 0.041747
0 0.355377 0.806322 0.029478 0.060533
0 0.389541 0.808226 0.034004 0.061524
0 0.364787 0.718454 0.048801 0.039401
0 0.202246 0.634896 0.045504 0.032554
0 0.898999 0.922975 0.058349 0.040191
0 0.321589 0.799870 0.032402 0.068847
