0 0.751782 0.867381 0.059323 0.040573
0 0.377962 0.755413 0.044942 0.042599
0 0.298747 0.682681 0.046700 0.038525
0 0.201560 0.634962 0.044742 0.030844
0 0.764620 0.939917 0.067913 0.050073
0 0.504437 0.793231 0.087386 0.053975
0 0.231606 0.792383 0.032568 0.055213
1 0.216008 0.955618 0.103387 0.088764
0 0.270135 0.795642 0.032870 0.061670
0 0.148953 0.616607 0.044747 0.032156
0 0.738649 0.825652 0.063354 0.041732
0 0.686146 0.944309 0.065609 0.047931
0 0.354710 0.807829 0.030625 0.057012
0 0.900541 0.923200 0.054603 0.036313
