1 0.215674 0.955072 0.103283 0.089857
0 0.751548 0.866950 0.059515 0.043261
0 0.298838 0.681468 0.047040 0.041802
0 0.764513 0.938740 0.069446 0.051314
0 0.364566 0.717651 0.048445 0.039960
0 0.686157 0.943533 0.065166 0.049321
0 0.232207 0.792121 0.031657 0.054269
0 0.738737 0.825288 0.065194 0.042139
0 0.436371 0.763872 0.055338 0.047257
0 0.201373 0.634640 0.044410 0.033520
1 0.042803 0.724800 0.060366 0.046785
0 0.505748 0.795011 0.086834 0.057241
0 0.270077 0.794355 0.032509 0.062469
0 0.389517 0.808229 0.034123 0.061790
0 0.355131 0.806114 0.031202 0.061619
0 0.430101 0.800570 0.045038 0.053797
0 0.195275 0.784620 0.035843 0.069749
1 0.071854 0.497226 0.030558 0.036301
