1 0.215935 0.955404 0.101601 0.089192
0 0.299173 0.681625 0.047250 0.041111
0 0.751512 0.866661 0.060324 0.043046
0 0.365005 0.718772 0.048382 0.038661
0 0.429800 0.799420 0.046997 0.057995
0 0.764990 0.938938 0.068420 0.050384
0 0.232439 0.792719 0.032467 0.052715
0 0.504390 0.793496 0.088424 0.062022
0 0.739379 0.825540 0.065736 0.041898
0 0.686222 0.943075 0.066457 0.049530
0 0.270128 0.794982 0.033141 0.061521
0 0.355489 0.807171 0.030308 0.059209
0 0.389487 0.808684 0.034327 0.060719
0 0.202000 0.634641 0.044104 0.031778
0 0.149659 0.742811 0.063924 0.047170
0 0.672633 0.819005 0.066504 0.050365
1 0.164573 0.789615 0.040275 0.062594
1 0.038258 0.724849 0.056332 0.045136
0 0.594762 0.782230 0.032162 0.056746
1 0.593570 0.782751 0.032316 0.057447
0 0.321850 0.800126 0.033013 0.067782
