0 0.764536 0.939383 0.067891 0.049160
0 0.751543 0.867518 0.059969 0.041674
0 0.299632 0.683077 0.048957 0.040880
0 0.505151 0.794482 0.090758 0.064430
1 0.216625 0.956313 0.101164 0.087375
0 0.193916 0.743530 0.063084 0.043569
0 0.686455 0.943673 0.064445 0.047786
1 0.043185 0.725311 0.058518 0.044469
0 0.043400 0.725841 0.052018 0.042137
0 0.201172 0.635113 0.044429 0.030280
0 0.738996 0.825902 0.064141 0.041953
0 0.365062 0.718938 0.047794 0.037985
0 0.507403 0.804205 0.082883 0.068468
0 0.430319 0.800552 0.047290 0.058897
1 0.503832 0.800918 0.094265 0.068828
0 0.591236 0.744307 0.032470 0.053457
0 0.642450 0.738827 0.050902 0.045313
0 0.389204 0.809067 0.034187 0.062277
1 0.163321 0.791141 0.042163 0.060866
0 0.270432 0.796173 0.032631 0.061290
0 0.232168 0.794782 0.031692 0.052678
0 0.671895 0.820407 0.067544 0.047473
