1 0.215092 0.956009 0.104670 0.087982
0 0.503261 0.793790 0.087032 0.056802
0 0.751223 0.867905 0.059182 0.042846
0 0.298929 0.682056 0.048677 0.041194
0 0.764325 0.939979 0.067812 0.049931
0 0.155364 0.705746 0.051474 0.043154
0 0.231809 0.793329 0.031761 0.053447
0 0.684722 0.944204 0.064773 0.048068
0 0.201224 0.635604 0.045284 0.034061
0 0.270280 0.794655 0.032536 0.063125
0 0.738349 0.825208 0.063566 0.042671
0 0.364328 0.719049 0.048156 0.039328
0 0.429658 0.799752 0.046998 0.059239
0 0.168544 0.892225 0.068102 0.067153
0 0.388450 0.808903 0.034188 0.060718
1 0.046553 0.523048 0.028392 0.036200
1 0.119333 0.442907 0.025670 0.032519
0 0.163838 0.790547 0.040112 0.065421
0 0.320931 0.801586 0.032210 0.068159
