1 0.216023 0.955090 0.102973 0.089717
0 0.298929 0.681973 0.047293 0.041587
0 0.686248 0.943430 0.065805 0.049513
0 0.751222 0.866620 0.060550 0.043677
0 0.764673 0.938859 0.069460 0.051563
0 0.429871 0.798999 0.048266 0.057599
0 0.232276 0.792277 0.031750 0.053015
0 0.365114 0.718157 0.049209 0.039096
0 0.739301 0.825294 0.065713 0.041801
0 0.201605 0.634243 0.043982 0.031832
0 0.270035 0.794463 0.033043 0.061942
0 0.355360 0.807080 0.030559 0.059312
0 0.504260 0.786163 0.088449 0.073813
0 0.389024 0.807681 0.034122 0.062042
0 0.148846 0.615625 0.044717 0.034019
0 0.321509 0.800646 0.032766 0.067537
0 0.899027 0.922534 0.058160 0.039704
0 0.171118 0.893782 0.066989 0.066475
