0 0.751308 0.867574 0.060111 0.041906
0 0.765069 0.939754 0.068747 0.050604
0 0.247230 0.742711 0.042936 0.041411
1 0.216394 0.955878 0.102725 0.088245
0 0.503943 0.792265 0.086253 0.053671
0 0.231889 0.794679 0.030929 0.053371
0 0.686017 0.944113 0.065332 0.047569
0 0.298706 0.683264 0.048411 0.039325
0 0.365172 0.719169 0.049191 0.038616
1 0.364373 0.721020 0.049574 0.034852
0 0.899626 0.924213 0.056487 0.038032
0 0.738600 0.825516 0.063719 0.041719
0 0.202760 0.635330 0.044271 0.030026
0 0.195006 0.786615 0.037064 0.067437
0 0.164017 0.790579 0.040945 0.064019
0 0.354441 0.807261 0.030377 0.061356
0 0.270316 0.795943 0.032537 0.061758
