1 0.215992 0.954910 0.102388 0.089075
0 0.298906 0.681712 0.046907 0.041507
0 0.751652 0.866836 0.059925 0.042993
0 0.764928 0.939051 0.069525 0.051582
0 0.365019 0.718256 0.048007 0.038137
0 0.232309 0.792571 0.031929 0.053647
0 0.686536 0.943517 0.066131 0.049545
0 0.429505 0.799730 0.045758 0.056300
0 0.504278 0.793768 0.087154 0.057878
0 0.029733 0.724831 0.051345 0.045812
0 0.164064 0.788602 0.039655 0.065831
0 0.270013 0.794468 0.033309 0.061930
0 0.739364 0.825643 0.065752 0.041838
0 0.201607 0.634939 0.044661 0.031806
0 0.355534 0.807329 0.030566 0.058745
1 0.023981 0.546842 0.043023 0.060561
0 0.389497 0.808372 0.034304 0.060850
0 0.164000 0.740293 0.056579 0.044333
0 0.429512 0.747293 0.050906 0.041961
0 0.148633 0.616571 0.044009 0.034547
0 0.899154 0.923005 0.058559 0.039421
0 0.321260 0.800329 0.032806 0.067860
1 0.085381 0.482657 0.029279 0.035556
1 0.123979 0.441650 0.027130 0.032024
