1 0.215938 0.955342 0.102699 0.089136
0 0.764964 0.939096 0.069380 0.051578
0 0.686130 0.943562 0.066513 0.050028
0 0.751714 0.866808 0.060635 0.043317
0 0.365196 0.718459 0.049259 0.039665
0 0.298321 0.681591 0.047558 0.041295
0 0.429813 0.799144 0.047283 0.058558
0 0.232149 0.792468 0.031792 0.053396
0 0.504218 0.793761 0.087372 0.058224
0 0.265652 0.743800 0.056216 0.044915
0 0.739530 0.825478 0.065848 0.041617
0 0.355381 0.807672 0.030707 0.058108
0 0.270032 0.793540 0.032345 0.062627
0 0.389102 0.808777 0.033670 0.060020
0 0.899351 0.922933 0.058559 0.040160
