1 0.215916 0.955054 0.102603 0.089893
0 0.765005 0.938802 0.069350 0.050566
0 0.751531 0.866559 0.060434 0.043311
0 0.686263 0.943374 0.066235 0.049629
0 0.232022 0.792543 0.031383 0.052832
0 0.299082 0.681375 0.047562 0.040675
0 0.504221 0.793711 0.087310 0.058331
0 0.739324 0.825283 0.065341 0.041722
0 0.341525 0.737756 0.055177 0.041883
0 0.355477 0.807094 0.029806 0.058104
0 0.201485 0.635272 0.043488 0.031227
0 0.270315 0.793902 0.033218 0.063249
0 0.429940 0.799435 0.046824 0.057568
0 0.389304 0.808300 0.033987 0.061548
0 0.149070 0.615231 0.044684 0.034668
0 0.321402 0.801053 0.032533 0.067146
0 0.899734 0.923343 0.058319 0.039818
