1 0.215766 0.955988 0.102467 0.088024
0 0.764943 0.939888 0.068284 0.050106
0 0.751800 0.867604 0.060371 0.041300
0 0.504065 0.791379 0.086670 0.052268
0 0.298156 0.681559 0.046815 0.041608
0 0.201095 0.635469 0.045447 0.032087
0 0.231952 0.792017 0.031961 0.056104
0 0.321691 0.736225 0.054311 0.036741
0 0.685394 0.944011 0.066334 0.047347
0 0.739248 0.825644 0.068156 0.039327
0 0.270213 0.794030 0.032670 0.064496
0 0.429560 0.799792 0.046561 0.058223
0 0.355718 0.806895 0.031342 0.060399
0 0.476815 0.715988 0.059516 0.055084
