0 0.765352 0.940457 0.069102 0.050323
0 0.504766 0.797295 0.088072 0.063497
0 0.752144 0.868508 0.059302 0.042187
0 0.299439 0.683297 0.047271 0.041381
1 0.215613 0.955772 0.104423 0.088457
0 0.686626 0.944766 0.064992 0.048695
0 0.186581 0.710658 0.051314 0.044756
0 0.232043 0.793723 0.031926 0.053743
0 0.270478 0.795441 0.032521 0.063140
1 0.504584 0.801921 0.097766 0.069622
1 0.066329 0.504718 0.029224 0.036089
1 0.570255 0.749621 0.037137 0.055731
0 0.364760 0.718856 0.048267 0.039733
0 0.429333 0.800755 0.047428 0.058799
0 0.389269 0.809532 0.033719 0.059861
0 0.194873 0.786703 0.033381 0.067760
0 0.356002 0.806534 0.030390 0.060557
0 0.201357 0.635135 0.045354 0.033544
