0 0.341824 0.759634 0.054205 0.045862
0 0.751673 0.868180 0.059819 0.042879
0 0.764805 0.940561 0.069264 0.051285
1 0.215372 0.955675 0.102074 0.088650
0 0.232049 0.792450 0.031754 0.054596
0 0.298757 0.683072 0.048379 0.041112
0 0.502678 0.792384 0.083565 0.063915
1 0.040264 0.723973 0.063014 0.042840
0 0.685937 0.944368 0.064969 0.049005
0 0.739015 0.826213 0.067185 0.040269
0 0.042404 0.725293 0.053434 0.040521
0 0.669937 0.825073 0.062609 0.060157
0 0.364079 0.719105 0.048536 0.040812
0 0.201706 0.634432 0.044567 0.032654
0 0.356927 0.807056 0.031425 0.059751
0 0.270325 0.794485 0.032728 0.064107
0 0.429528 0.800120 0.047944 0.058843
0 0.897904 0.923849 0.058417 0.040683
0 0.194848 0.786783 0.035847 0.069968
0 0.163820 0.790736 0.038963 0.066178
0 0.473770 0.712843 0.050079 0.046248
