1 0.214900 0.955689 0.104676 0.088623
0 0.299346 0.683180 0.048117 0.039879
0 0.414270 0.760146 0.058253 0.046302
0 0.751595 0.867866 0.059978 0.041105
0 0.764779 0.939979 0.067906 0.050019
0 0.231827 0.792831 0.032090 0.053901
0 0.202092 0.634739 0.044890 0.031701
0 0.505488 0.792466 0.088011 0.051937
0 0.685481 0.944152 0.063999 0.049976
0 0.270504 0.795513 0.032664 0.061955
0 0.389371 0.808356 0.033927 0.061130
0 0.354664 0.809556 0.030260 0.058884
0 0.739452 0.825844 0.067084 0.040174
0 0.430189 0.802405 0.047830 0.056914
0 0.320976 0.801794 0.033012 0.067976
