1 0.215925 0.955411 0.103153 0.089177
0 0.765319 0.939094 0.069095 0.051584
0 0.686742 0.944198 0.065054 0.049844
0 0.751949 0.867485 0.060153 0.043236
0 0.430194 0.799966 0.046575 0.057883
0 0.299335 0.682014 0.045866 0.041567
0 0.202124 0.742440 0.054922 0.045013
0 0.364121 0.716898 0.050582 0.042276
0 0.232932 0.793648 0.030972 0.052257
0 0.505888 0.794860 0.089458 0.060865
0 0.576559 0.806614 0.051412 0.063504
0 0.355789 0.807739 0.030729 0.059443
0 0.270613 0.795101 0.032495 0.062070
0 0.164199 0.789944 0.039821 0.066206
0 0.389974 0.808498 0.034135 0.062202
1 0.043166 0.724899 0.060118 0.045092
0 0.899999 0.923230 0.058245 0.040289
0 0.202820 0.634519 0.044310 0.033336
0 0.671217 0.821144 0.062338 0.052947
