1 0.215830 0.955259 0.102548 0.089482
0 0.764984 0.938849 0.069271 0.051212
0 0.751287 0.866713 0.060110 0.043218
0 0.686540 0.943544 0.065929 0.049847
0 0.232033 0.791883 0.032018 0.054173
0 0.365278 0.718435 0.048450 0.038473
0 0.298590 0.681556 0.045413 0.040564
0 0.429895 0.799091 0.046917 0.057522
0 0.270069 0.794032 0.032932 0.062005
0 0.503067 0.793371 0.084967 0.056422
0 0.298812 0.730014 0.048867 0.039214
0 0.739144 0.825520 0.065760 0.041800
0 0.355588 0.806469 0.030536 0.060002
1 0.055058 0.518300 0.031976 0.041994
0 0.201666 0.634526 0.044734 0.032249
0 0.389489 0.808177 0.034070 0.061586
0 0.899574 0.922974 0.058954 0.039780
0 0.321640 0.800550 0.032713 0.068561
1 0.586998 0.811869 0.072294 0.069143
