0 0.764533 0.940433 0.068973 0.050706
0 0.241532 0.718092 0.052785 0.043025
0 0.750923 0.867657 0.061117 0.041873
0 0.505042 0.797696 0.088626 0.064854
0 0.298794 0.682750 0.047846 0.042968
0 0.685680 0.944219 0.065880 0.047029
1 0.215869 0.956034 0.103991 0.087932
0 0.231975 0.794915 0.030969 0.052381
0 0.739314 0.826377 0.067927 0.040839
0 0.365520 0.719384 0.048671 0.038210
1 0.364267 0.721988 0.048503 0.033272
0 0.429970 0.800584 0.046803 0.058029
1 0.504906 0.801925 0.095191 0.069438
0 0.512898 0.804261 0.074758 0.067951
0 0.389292 0.809517 0.034406 0.061965
0 0.201568 0.633502 0.044500 0.034532
