0 0.504087 0.794893 0.087466 0.058865
0 0.404651 0.746720 0.051943 0.042888
0 0.765800 0.940328 0.069296 0.050462
1 0.215608 0.955689 0.102099 0.088622
1 0.019041 0.559945 0.035074 0.061581
0 0.751951 0.867826 0.060126 0.041783
0 0.299119 0.682669 0.047500 0.040954
1 0.079993 0.489942 0.028456 0.035837
0 0.686158 0.944550 0.064233 0.048940
0 0.232068 0.793134 0.031792 0.054287
0 0.202863 0.635032 0.043664 0.030693
0 0.429909 0.800373 0.047882 0.055622
0 0.164610 0.791461 0.039217 0.066485
0 0.899920 0.923764 0.057015 0.038262
0 0.026077 0.725462 0.050436 0.042886
0 0.152598 0.740195 0.055612 0.048080
0 0.390821 0.810714 0.030465 0.060008
0 0.739713 0.826295 0.066240 0.040132
