0 0.282165 0.749682 0.054195 0.041687
0 0.751202 0.867917 0.060521 0.042924
0 0.298789 0.682667 0.046365 0.042327
0 0.764885 0.940129 0.069616 0.051261
0 0.504918 0.794842 0.088939 0.058082
1 0.041666 0.726473 0.060314 0.046444
0 0.232024 0.793765 0.031723 0.054742
0 0.686767 0.944772 0.063766 0.048182
1 0.590167 0.826145 0.049596 0.066888
0 0.364856 0.719165 0.047864 0.039562
0 0.194545 0.786228 0.035755 0.071129
0 0.474483 0.713573 0.047978 0.046079
1 0.215645 0.956121 0.105430 0.087758
1 0.364142 0.720139 0.048802 0.037724
0 0.589952 0.825349 0.047028 0.071056
0 0.388847 0.809547 0.034505 0.062171
0 0.429636 0.800033 0.046727 0.058333
0 0.355915 0.807115 0.031208 0.061168
0 0.270171 0.795108 0.032529 0.063253
0 0.201186 0.635276 0.045068 0.032618
