0 0.751619 0.867966 0.059746 0.041714
1 0.215260 0.955770 0.104230 0.088459
0 0.765460 0.940128 0.069224 0.050485
0 0.504657 0.797997 0.088355 0.064535
0 0.738813 0.826120 0.063975 0.043473
0 0.299919 0.683668 0.048371 0.041066
0 0.685863 0.945548 0.065338 0.047168
0 0.355242 0.808401 0.030255 0.056631
0 0.365509 0.719290 0.049240 0.038852
0 0.232058 0.792678 0.031765 0.052943
0 0.430152 0.800486 0.047905 0.057584
0 0.201712 0.634971 0.044883 0.032732
1 0.364719 0.720710 0.049196 0.035492
0 0.270227 0.795130 0.032784 0.061734
0 0.389134 0.808391 0.034618 0.060223
