1 0.215814 0.955106 0.102753 0.089666
0 0.686347 0.943476 0.065254 0.049887
0 0.764841 0.939007 0.069390 0.051096
0 0.298700 0.681584 0.047112 0.042064
0 0.751439 0.866758 0.060701 0.043976
0 0.365090 0.718182 0.048941 0.039050
0 0.429815 0.799071 0.047176 0.057637
0 0.232221 0.792231 0.031925 0.053451
0 0.504386 0.793538 0.087675 0.058465
0 0.270432 0.794570 0.033058 0.062035
0 0.355666 0.806768 0.030582 0.059468
0 0.389425 0.808117 0.034068 0.061687
0 0.201790 0.634755 0.043963 0.032124
0 0.899107 0.923190 0.059581 0.040394
0 0.738904 0.824768 0.063844 0.042072
0 0.321450 0.800465 0.032738 0.067381
