0 0.751462 0.868095 0.059531 0.041767
0 0.299728 0.682375 0.048385 0.042985
0 0.306882 0.752655 0.053605 0.046592
0 0.764954 0.940769 0.068953 0.051299
1 0.041707 0.725058 0.058193 0.043210
1 0.215217 0.955956 0.102759 0.088089
0 0.232008 0.793210 0.031808 0.054930
0 0.686354 0.943936 0.064854 0.049313
0 0.270297 0.795031 0.032073 0.063393
0 0.668978 0.820563 0.059614 0.052204
0 0.738608 0.826532 0.064156 0.042667
0 0.042682 0.726419 0.051911 0.041757
0 0.356036 0.807162 0.030817 0.060401
0 0.900100 0.924304 0.057380 0.040145
0 0.201701 0.635461 0.044546 0.031759
0 0.671996 0.829267 0.065135 0.069504
0 0.505283 0.799263 0.088473 0.061182
0 0.194910 0.787101 0.036641 0.070207
1 0.125101 0.176318 0.040108 0.048281
