1 0.216271 0.956063 0.101238 0.087875
0 0.752068 0.868105 0.059817 0.042514
0 0.298699 0.682100 0.046826 0.040659
0 0.504146 0.795750 0.087598 0.061098
0 0.765188 0.939798 0.068979 0.048892
0 0.201817 0.634769 0.043973 0.031068
0 0.231854 0.793375 0.031769 0.052712
0 0.270252 0.794896 0.032933 0.063125
0 0.686059 0.944355 0.065378 0.048297
0 0.900049 0.923703 0.057301 0.038755
0 0.355721 0.806462 0.030999 0.060154
0 0.739983 0.826013 0.067759 0.039983
0 0.364841 0.719175 0.047204 0.038850
0 0.389657 0.809509 0.033543 0.061293
0 0.149608 0.617760 0.046292 0.037243
