0 0.752428 0.867498 0.060157 0.041621
0 0.764965 0.939975 0.068755 0.050406
1 0.215724 0.955921 0.102378 0.088159
0 0.685898 0.944264 0.065885 0.047337
0 0.298945 0.682574 0.047926 0.039971
0 0.504930 0.794268 0.087181 0.059820
0 0.231967 0.793153 0.032049 0.051988
0 0.738861 0.825774 0.064010 0.041418
0 0.900768 0.923636 0.055206 0.036772
0 0.270245 0.795493 0.032825 0.062915
0 0.364966 0.718653 0.048666 0.038708
0 0.355649 0.807140 0.030725 0.058035
0 0.176958 0.897464 0.080074 0.074631
1 0.125982 0.176239 0.041548 0.048052
