1 0.215825 0.955002 0.103321 0.089792
0 0.232274 0.792611 0.031901 0.054156
0 0.686030 0.943620 0.065029 0.049689
0 0.751455 0.866621 0.060834 0.043474
0 0.764793 0.938927 0.069372 0.051347
0 0.364814 0.718335 0.048213 0.039136
0 0.245270 0.718114 0.052343 0.044631
0 0.429839 0.798936 0.046895 0.058880
0 0.298520 0.681457 0.047478 0.041654
0 0.504656 0.794042 0.088444 0.060573
0 0.270109 0.794761 0.032775 0.061157
0 0.739247 0.825291 0.066149 0.042570
0 0.355655 0.806641 0.031040 0.060517
0 0.389203 0.808258 0.033488 0.061211
0 0.201649 0.635083 0.044854 0.033335
0 0.195462 0.785494 0.036607 0.068155
0 0.163709 0.789758 0.039383 0.066240
