1 0.216051 0.955158 0.102499 0.089106
0 0.298850 0.681625 0.047247 0.042189
0 0.765034 0.939022 0.069204 0.051502
0 0.751526 0.867069 0.059951 0.043301
0 0.686033 0.943487 0.065149 0.049742
0 0.232142 0.792944 0.032080 0.053028
0 0.739433 0.825692 0.066011 0.042365
0 0.504909 0.794358 0.088186 0.058625
0 0.270340 0.794438 0.032831 0.062553
0 0.364893 0.718408 0.047193 0.038237
0 0.201719 0.634602 0.044631 0.031527
0 0.355330 0.807179 0.030589 0.058953
0 0.899284 0.922817 0.058514 0.039653
0 0.321501 0.800457 0.033205 0.067282
0 0.388769 0.807934 0.033860 0.061486
