1 0.215987 0.955334 0.102034 0.088724
0 0.751549 0.867134 0.059977 0.043005
0 0.765112 0.939068 0.069284 0.051364
0 0.686157 0.943732 0.065469 0.049996
0 0.298725 0.682001 0.047422 0.040998
0 0.365419 0.718640 0.047987 0.038867
0 0.429992 0.799662 0.046808 0.057824
0 0.504326 0.793522 0.087477 0.058138
0 0.739267 0.825635 0.065551 0.041785
0 0.232455 0.793590 0.030522 0.050686
0 0.355594 0.807477 0.030569 0.058415
0 0.220111 0.738516 0.077505 0.066501
0 0.389571 0.808962 0.034146 0.060257
1 0.164556 0.789811 0.042487 0.063846
0 0.899678 0.923006 0.059136 0.039907
0 0.270035 0.794908 0.033158 0.062227
