0 0.764653 0.940179 0.068913 0.050111
0 0.503449 0.793895 0.086392 0.056697
0 0.751232 0.867630 0.059097 0.042219
1 0.216112 0.956009 0.101818 0.087982
0 0.298867 0.682255 0.047115 0.041339
0 0.231657 0.793451 0.032219 0.055233
0 0.244649 0.724895 0.051712 0.043822
0 0.270186 0.795890 0.032759 0.061606
0 0.365130 0.719364 0.049100 0.039240
0 0.739448 0.825674 0.066904 0.039603
0 0.685972 0.944189 0.065342 0.051267
0 0.429822 0.800323 0.045954 0.057118
0 0.201463 0.635093 0.044493 0.031999
0 0.149135 0.617106 0.046462 0.036009
0 0.355356 0.807240 0.029634 0.058582
1 0.364722 0.720132 0.049044 0.037091
0 0.164229 0.790162 0.040475 0.066099
0 0.195279 0.785734 0.036105 0.069359
0 0.389663 0.808056 0.033965 0.060397
