1 0.215520 0.955035 0.102948 0.089929
0 0.764533 0.938934 0.069163 0.051198
0 0.298654 0.680778 0.047059 0.042031
0 0.751718 0.866839 0.060399 0.043130
0 0.232153 0.791837 0.031845 0.054017
0 0.686115 0.943820 0.065151 0.050174
0 0.738858 0.825225 0.065556 0.042067
0 0.504089 0.792891 0.086890 0.056338
0 0.407881 0.761150 0.053016 0.044694
0 0.201990 0.634464 0.044810 0.033764
0 0.269979 0.794747 0.032172 0.060657
0 0.355197 0.807031 0.030449 0.059410
1 0.042291 0.724406 0.060783 0.046414
0 0.364510 0.717567 0.047386 0.038659
0 0.429368 0.800167 0.047361 0.054682
0 0.388940 0.808309 0.033266 0.060744
0 0.194635 0.784257 0.036076 0.070298
1 0.064753 0.505370 0.030624 0.036765
0 0.163495 0.790886 0.039018 0.066885
