1 0.215786 0.954911 0.102754 0.090179
0 0.298814 0.681426 0.047601 0.041918
0 0.751504 0.867015 0.059878 0.043851
0 0.764886 0.938958 0.069447 0.051428
0 0.686830 0.943588 0.065634 0.050075
0 0.232412 0.792173 0.032127 0.054182
0 0.739229 0.825264 0.065935 0.042638
0 0.354772 0.759748 0.054123 0.044500
0 0.504879 0.794749 0.088818 0.061172
0 0.042496 0.724664 0.055255 0.046051
0 0.430018 0.799236 0.047240 0.057917
0 0.270303 0.794392 0.031948 0.061577
0 0.201426 0.633900 0.043333 0.032301
0 0.670993 0.821457 0.062604 0.054288
0 0.356071 0.807215 0.029892 0.058864
0 0.899410 0.923246 0.057910 0.040706
0 0.362960 0.720044 0.047268 0.041320
0 0.195222 0.784436 0.036511 0.070143
0 0.163602 0.789636 0.039941 0.066032
0 0.388741 0.808551 0.034534 0.060124
0 0.168422 0.892153 0.063792 0.067164
