1 0.114758 0.419058 0.029425 0.049664
1 0.215206 0.956006 0.101916 0.087988
0 0.215415 0.675195 0.050596 0.050087
0 0.500135 0.788709 0.079367 0.044018
0 0.685963 0.945259 0.065214 0.047396
0 0.298431 0.682731 0.048141 0.040531
1 0.214545 0.675218 0.051801 0.053575
1 0.603261 0.861997 0.035022 0.063526
0 0.364981 0.718913 0.047746 0.038121
0 0.232074 0.794650 0.031440 0.053022
0 0.751405 0.867735 0.058754 0.040179
0 0.429499 0.799904 0.046691 0.057747
0 0.764890 0.939939 0.068337 0.049230
0 0.503134 0.791858 0.082843 0.062354
1 0.364336 0.720410 0.049071 0.034879
