1 0.215708 0.955004 0.102639 0.089991
0 0.764780 0.939026 0.069412 0.051381
0 0.686135 0.942974 0.065263 0.050255
0 0.751330 0.866515 0.059925 0.043531
0 0.232093 0.792076 0.031505 0.054129
0 0.298755 0.680611 0.047985 0.043818
0 0.504530 0.794199 0.088012 0.057847
0 0.739146 0.825095 0.065856 0.041792
0 0.200924 0.634003 0.043287 0.032280
0 0.364800 0.717312 0.048314 0.039803
0 0.410981 0.765333 0.050434 0.042028
0 0.041954 0.724147 0.053756 0.046414
0 0.270165 0.794003 0.032290 0.062450
0 0.389555 0.809024 0.033864 0.059547
0 0.429292 0.799807 0.046468 0.054657
0 0.355451 0.806201 0.030432 0.061854
0 0.899554 0.922550 0.057985 0.039895
0 0.194828 0.784655 0.036422 0.069435
0 0.163655 0.789511 0.039760 0.065817
0 0.321632 0.800653 0.033086 0.068393
