1 0.216322 0.956365 0.101138 0.087270
0 0.209508 0.676912 0.050887 0.050408
0 0.500263 0.789481 0.077578 0.046464
1 0.118655 0.416206 0.027917 0.046015
0 0.751808 0.867634 0.059279 0.040921
0 0.685723 0.945145 0.065567 0.047816
0 0.298884 0.682685 0.048694 0.041336
0 0.503640 0.781853 0.085207 0.072226
0 0.364697 0.719144 0.047587 0.038368
0 0.232081 0.793527 0.031605 0.052154
0 0.500430 0.794072 0.081612 0.063295
0 0.429773 0.801039 0.047410 0.058156
0 0.764886 0.939984 0.067952 0.049596
0 0.501877 0.763066 0.065501 0.031074
