0 0.751315 0.867873 0.059317 0.042244
0 0.765104 0.940424 0.070225 0.051526
0 0.504421 0.794516 0.088072 0.057474
0 0.299026 0.682922 0.047398 0.039802
1 0.215906 0.955903 0.103163 0.088194
0 0.686134 0.944701 0.066062 0.048382
0 0.364973 0.719219 0.047895 0.038125
0 0.232072 0.792427 0.031674 0.054279
0 0.738907 0.825630 0.064710 0.042855
0 0.429330 0.800623 0.047537 0.058164
1 0.364452 0.721221 0.048814 0.034680
0 0.388908 0.809175 0.034731 0.059802
0 0.899166 0.923799 0.056007 0.038014
0 0.189564 0.688411 0.041952 0.039402
0 0.355444 0.807341 0.030843 0.059446
