1 0.215514 0.955197 0.102825 0.089607
0 0.232275 0.793445 0.031587 0.053492
0 0.765070 0.939146 0.069794 0.051802
0 0.751830 0.867076 0.060272 0.043825
0 0.233532 0.721160 0.049807 0.052701
0 0.686440 0.943487 0.065331 0.050176
0 0.298613 0.682175 0.047214 0.042047
0 0.364594 0.717990 0.048653 0.038789
0 0.738960 0.825510 0.066224 0.042347
0 0.504831 0.794644 0.090228 0.060765
0 0.295942 0.751784 0.051564 0.043896
0 0.163724 0.789756 0.039368 0.065578
0 0.042776 0.724952 0.055384 0.045991
0 0.355389 0.807497 0.031496 0.059317
0 0.430077 0.799417 0.047285 0.057160
0 0.456764 0.746154 0.051619 0.042188
0 0.194331 0.786354 0.035805 0.067785
0 0.899420 0.923254 0.058841 0.040954
0 0.269513 0.794442 0.031296 0.060760
0 0.389198 0.807444 0.033874 0.063577
0 0.670609 0.819571 0.063072 0.051637
0 0.201629 0.634728 0.043752 0.032326
0 0.186860 0.787925 0.031433 0.065265
0 0.476828 0.707826 0.049723 0.039651
