1 0.215903 0.955335 0.102242 0.089144
0 0.298954 0.681836 0.047015 0.041852
0 0.429770 0.798962 0.046861 0.057413
0 0.764817 0.939133 0.069447 0.051211
0 0.232282 0.792341 0.031659 0.052952
0 0.686528 0.943655 0.064484 0.049278
0 0.751587 0.866655 0.059907 0.043292
0 0.365105 0.718540 0.048499 0.039127
0 0.505349 0.794706 0.090396 0.064264
0 0.270024 0.794345 0.032975 0.062311
0 0.355376 0.807326 0.030313 0.059037
0 0.739548 0.825009 0.066555 0.043231
0 0.389324 0.808165 0.033941 0.062056
0 0.202039 0.634436 0.045092 0.032872
0 0.898914 0.922878 0.059047 0.040340
0 0.321497 0.800448 0.032732 0.068156
1 0.507096 0.797841 0.094910 0.067789
