0 0.752239 0.868295 0.059373 0.041216
0 0.764729 0.939978 0.068225 0.049723
0 0.685863 0.945070 0.066106 0.048627
1 0.215521 0.955885 0.102804 0.088230
0 0.300139 0.682615 0.047453 0.041331
0 0.231886 0.793354 0.032064 0.053910
0 0.899117 0.923991 0.058493 0.039683
0 0.270296 0.795556 0.032857 0.063443
0 0.671785 0.830498 0.065003 0.071046
0 0.365024 0.719186 0.048370 0.038619
0 0.475388 0.712200 0.050076 0.042406
0 0.508406 0.803015 0.084677 0.068693
0 0.355250 0.809547 0.030038 0.058266
0 0.389257 0.809506 0.034321 0.063271
0 0.444312 0.772204 0.039501 0.044591
0 0.429821 0.801543 0.046093 0.055888
0 0.321687 0.801761 0.032459 0.067261
