0 0.765544 0.940212 0.069599 0.050648
1 0.216165 0.956056 0.102199 0.087888
0 0.751622 0.867991 0.059350 0.041658
0 0.505238 0.795859 0.091040 0.067669
0 0.244687 0.747347 0.061263 0.044764
0 0.298809 0.683007 0.047994 0.040129
0 0.686084 0.945306 0.064860 0.048055
0 0.232184 0.795232 0.030459 0.052394
0 0.365145 0.719171 0.048361 0.039953
0 0.355612 0.808522 0.031676 0.056901
0 0.430092 0.800759 0.047395 0.058912
1 0.080779 0.470536 0.025709 0.035801
0 0.389470 0.808928 0.034297 0.059530
1 0.364379 0.719873 0.049005 0.037674
0 0.203054 0.635789 0.044549 0.030419
