1 0.215691 0.955246 0.102717 0.089378
0 0.298562 0.681646 0.046563 0.042052
0 0.751310 0.866680 0.059927 0.043376
0 0.686172 0.943607 0.064980 0.049457
0 0.764833 0.938958 0.069469 0.051238
0 0.232499 0.793096 0.031746 0.052429
0 0.504371 0.793927 0.087769 0.058968
0 0.365020 0.719473 0.048207 0.037776
0 0.739216 0.825280 0.066118 0.042027
0 0.270392 0.795052 0.032771 0.061092
0 0.184504 0.743506 0.061097 0.045413
0 0.429877 0.798932 0.046984 0.057560
0 0.355425 0.807375 0.030868 0.058694
0 0.201827 0.634806 0.045475 0.032960
0 0.384827 0.685637 0.049010 0.039236
0 0.164064 0.789652 0.039650 0.063458
0 0.389434 0.808415 0.033787 0.061396
0 0.899038 0.923374 0.059461 0.040151
0 0.321727 0.800457 0.032897 0.067493
