0 0.764937 0.940328 0.069527 0.050607
0 0.503327 0.793170 0.085798 0.054424
0 0.298482 0.681937 0.048354 0.042703
0 0.751955 0.868011 0.059387 0.042150
0 0.266186 0.728439 0.053596 0.043054
1 0.216070 0.955839 0.101712 0.088322
0 0.685904 0.944636 0.065439 0.048028
0 0.231951 0.792872 0.031922 0.053646
0 0.739944 0.825821 0.067762 0.039751
0 0.270069 0.795890 0.032779 0.062602
0 0.201636 0.635134 0.044711 0.030994
0 0.149481 0.616602 0.045904 0.035206
0 0.364858 0.719378 0.048130 0.039098
1 0.127482 0.438845 0.029961 0.030478
0 0.671179 0.820568 0.066652 0.050176
1 0.124306 0.176881 0.038649 0.048758
0 0.430089 0.800289 0.046482 0.058465
0 0.674003 0.830041 0.071380 0.068381
0 0.389629 0.810341 0.034152 0.061414
0 0.354692 0.808281 0.030078 0.061093
