1 0.215747 0.955179 0.102198 0.089371
0 0.764946 0.938916 0.068808 0.051004
0 0.298890 0.682098 0.046961 0.041567
0 0.751330 0.866605 0.060673 0.043435
0 0.686407 0.943255 0.065092 0.049651
0 0.365062 0.718682 0.048892 0.038460
0 0.227247 0.740157 0.057073 0.043743
0 0.429732 0.799227 0.047202 0.057386
0 0.504063 0.793259 0.087292 0.057821
0 0.232641 0.792802 0.030611 0.053758
0 0.739297 0.825407 0.065792 0.041727
0 0.355244 0.807088 0.031156 0.059424
0 0.270145 0.794869 0.032831 0.061280
0 0.389142 0.807880 0.034005 0.061413
0 0.899406 0.922666 0.059234 0.040549
