0 0.751515 0.867510 0.060547 0.041588
0 0.765086 0.939906 0.068418 0.049881
1 0.215610 0.955817 0.102616 0.088365
0 0.297952 0.682667 0.046863 0.037786
0 0.504878 0.795886 0.088270 0.059648
0 0.686116 0.943105 0.065953 0.050508
1 0.055545 0.486410 0.026492 0.047963
0 0.365786 0.718672 0.049520 0.038164
0 0.740042 0.825890 0.067718 0.039988
0 0.201495 0.738732 0.043823 0.037051
0 0.201362 0.635287 0.044241 0.030571
0 0.232143 0.793719 0.031291 0.054714
1 0.364792 0.719661 0.049733 0.034334
0 0.899971 0.924106 0.057189 0.037991
