1 0.215928 0.955024 0.102281 0.089049
0 0.298879 0.681666 0.047128 0.042488
0 0.685943 0.943336 0.064935 0.049646
0 0.764953 0.939017 0.069646 0.051439
0 0.751162 0.866558 0.060424 0.043383
0 0.365123 0.717879 0.048883 0.039248
0 0.232525 0.792590 0.032066 0.052626
0 0.739305 0.825569 0.065909 0.041676
0 0.355497 0.807806 0.030783 0.058312
0 0.505812 0.795660 0.087463 0.059967
0 0.270055 0.794898 0.033103 0.061366
0 0.201931 0.634849 0.045293 0.032543
0 0.454728 0.761904 0.054634 0.044715
0 0.389537 0.808794 0.034204 0.060179
0 0.321387 0.800710 0.032899 0.068085
0 0.899090 0.922945 0.059300 0.040239
0 0.429322 0.799750 0.045947 0.055716
