0 0.765250 0.940321 0.069533 0.050711
0 0.751643 0.867915 0.059186 0.041531
1 0.215809 0.955838 0.102231 0.088324
0 0.299245 0.682560 0.048700 0.041546
1 0.055954 0.517333 0.027567 0.035194
0 0.181100 0.710598 0.051324 0.043692
0 0.364919 0.718616 0.048828 0.039810
0 0.503288 0.792631 0.084375 0.049748
0 0.231934 0.794499 0.031641 0.053307
0 0.685584 0.944020 0.065805 0.049402
0 0.429807 0.800501 0.047069 0.056731
0 0.270296 0.796255 0.032623 0.060665
0 0.739449 0.826446 0.067645 0.040567
0 0.194889 0.785729 0.032769 0.067767
0 0.504471 0.796593 0.095634 0.066156
