0 0.751504 0.868122 0.059444 0.041536
0 0.504534 0.791847 0.089129 0.059228
0 0.764568 0.939491 0.068264 0.049810
0 0.298444 0.683099 0.047141 0.041675
1 0.216082 0.955896 0.102421 0.088209
1 0.043123 0.725791 0.058473 0.044865
0 0.686027 0.944581 0.065732 0.047798
0 0.201694 0.746579 0.065447 0.047741
0 0.043445 0.725967 0.052375 0.042330
0 0.739031 0.825505 0.063491 0.042643
0 0.429728 0.800005 0.047977 0.059210
0 0.365506 0.719168 0.048590 0.038804
1 0.162669 0.790410 0.043808 0.060717
1 0.077723 0.460081 0.028189 0.036232
0 0.590702 0.738996 0.032188 0.053063
0 0.507430 0.802953 0.078112 0.066867
0 0.389466 0.809384 0.033675 0.059824
