1 0.216028 0.955687 0.102146 0.088449
0 0.686663 0.943746 0.065871 0.049756
0 0.231723 0.792737 0.031636 0.053398
0 0.751722 0.866420 0.060535 0.043253
0 0.765218 0.938884 0.069344 0.050914
0 0.298665 0.681630 0.046563 0.041033
0 0.365015 0.717952 0.049415 0.039215
0 0.243174 0.722320 0.050600 0.043926
0 0.504278 0.793692 0.087772 0.058350
0 0.430133 0.799182 0.046789 0.058228
0 0.739285 0.825406 0.065483 0.041853
0 0.270194 0.794802 0.033177 0.061328
0 0.355561 0.807321 0.030283 0.058626
0 0.201670 0.634471 0.044774 0.032069
0 0.389249 0.808463 0.033955 0.061213
0 0.148579 0.615547 0.044551 0.034754
1 0.060698 0.513306 0.028439 0.034663
0 0.899771 0.923330 0.058708 0.039604
0 0.164055 0.790197 0.040071 0.064694
0 0.321312 0.800576 0.033082 0.067732
