1 0.215172 0.954949 0.102633 0.090000
0 0.751304 0.866624 0.059539 0.043670
0 0.685768 0.943491 0.065293 0.050287
0 0.764121 0.938901 0.069166 0.051666
0 0.231720 0.791191 0.031811 0.054799
0 0.298347 0.680490 0.047500 0.042049
0 0.581486 0.782527 0.052892 0.045533
0 0.738339 0.824964 0.065195 0.042313
0 0.503836 0.794110 0.088762 0.059908
0 0.378168 0.762294 0.055246 0.044166
0 0.669859 0.823210 0.063525 0.059835
0 0.429919 0.798476 0.046860 0.057635
0 0.042023 0.724282 0.055130 0.045572
0 0.269928 0.793076 0.032271 0.062433
0 0.363997 0.717912 0.047591 0.040853
0 0.201144 0.633687 0.045588 0.032198
0 0.194653 0.784404 0.036010 0.070141
0 0.898711 0.922873 0.058643 0.041033
0 0.163175 0.789594 0.040035 0.066543
