1 0.215413 0.954955 0.102912 0.089355
0 0.751367 0.867010 0.059780 0.043934
0 0.764637 0.938719 0.069333 0.051517
0 0.686240 0.943715 0.065077 0.050143
0 0.232015 0.792620 0.031484 0.054492
0 0.268682 0.740549 0.050058 0.052068
0 0.738833 0.825324 0.065476 0.042461
0 0.366542 0.759796 0.054103 0.044120
0 0.298539 0.681512 0.046493 0.039833
0 0.504207 0.793575 0.087889 0.057141
0 0.042241 0.724953 0.055668 0.045498
0 0.364190 0.718267 0.047700 0.040149
0 0.201597 0.634557 0.044063 0.032612
0 0.270094 0.793096 0.031937 0.064603
0 0.354778 0.806567 0.029981 0.059798
0 0.898929 0.922872 0.058863 0.040054
0 0.163633 0.789439 0.039267 0.065696
0 0.670887 0.819610 0.062721 0.051263
0 0.194727 0.785906 0.036713 0.068710
0 0.149053 0.615306 0.045287 0.034710
0 0.389245 0.806705 0.032716 0.064117
