0 0.345186 0.755128 0.054716 0.043979
0 0.751386 0.868543 0.058772 0.042614
0 0.764792 0.940265 0.068434 0.051370
0 0.504445 0.792243 0.087453 0.052236
0 0.298774 0.681836 0.048819 0.042434
1 0.041627 0.726324 0.061665 0.047654
1 0.216746 0.955561 0.105689 0.088879
0 0.231823 0.792919 0.031884 0.053346
0 0.364186 0.719203 0.048085 0.039433
0 0.686160 0.944568 0.065425 0.048115
0 0.355550 0.806641 0.029931 0.061345
0 0.388783 0.808982 0.033744 0.061197
0 0.429111 0.799345 0.046067 0.059452
1 0.368099 0.453785 0.029638 0.029338
0 0.738960 0.825916 0.067248 0.039957
0 0.201324 0.634474 0.044262 0.033180
0 0.270239 0.794319 0.032641 0.063872
0 0.898312 0.923755 0.056900 0.039702
