1 0.215667 0.955451 0.101937 0.089098
0 0.298571 0.681788 0.047649 0.041856
0 0.365182 0.719118 0.048352 0.038914
0 0.686451 0.944271 0.065095 0.049570
0 0.764776 0.939348 0.068767 0.049999
0 0.430037 0.799023 0.047568 0.057977
0 0.751435 0.866642 0.060848 0.042898
0 0.232533 0.792567 0.031889 0.052596
0 0.503571 0.793367 0.086657 0.060629
1 0.111007 0.421235 0.031666 0.052037
0 0.218954 0.672852 0.051409 0.048656
1 0.603383 0.855340 0.035807 0.062485
0 0.269872 0.794810 0.033147 0.061405
0 0.355309 0.807330 0.030603 0.059031
0 0.389722 0.808331 0.034002 0.061529
