1 0.215825 0.955183 0.101825 0.089025
0 0.232397 0.792300 0.032230 0.052999
0 0.299009 0.681803 0.047260 0.040400
0 0.764840 0.939173 0.069553 0.051441
0 0.751266 0.866665 0.060457 0.043231
0 0.686198 0.943592 0.064577 0.049738
0 0.382807 0.759577 0.062760 0.046093
0 0.504183 0.793790 0.087200 0.058189
0 0.739244 0.825534 0.065644 0.041889
0 0.429991 0.799657 0.046643 0.056734
0 0.270259 0.794357 0.032720 0.061077
0 0.201549 0.634650 0.044939 0.032701
0 0.355126 0.807535 0.030035 0.058032
0 0.389195 0.808778 0.033215 0.060115
0 0.148812 0.615268 0.044807 0.034224
0 0.899538 0.922988 0.058644 0.040199
