1 0.216094 0.955411 0.102011 0.088758
0 0.231956 0.791700 0.031820 0.054152
0 0.686375 0.943386 0.065244 0.049333
0 0.764857 0.938718 0.069291 0.050990
0 0.751343 0.866473 0.060127 0.042944
0 0.298536 0.681709 0.047048 0.040337
0 0.365213 0.718069 0.049118 0.038789
0 0.504342 0.793853 0.087157 0.058383
0 0.739192 0.825336 0.065692 0.041623
0 0.263682 0.744464 0.044532 0.038763
0 0.270147 0.793081 0.032103 0.064090
0 0.201752 0.634542 0.044365 0.030964
0 0.355243 0.807292 0.030379 0.057434
0 0.899997 0.922970 0.056693 0.038377
0 0.321561 0.800227 0.032886 0.067394
