1 0.215976 0.955041 0.101681 0.089616
0 0.686210 0.943883 0.065811 0.049947
0 0.765046 0.939106 0.069518 0.051153
0 0.751799 0.866957 0.060873 0.043502
0 0.298905 0.681926 0.047180 0.042248
0 0.429944 0.799030 0.047420 0.058318
0 0.232533 0.792374 0.032130 0.053005
0 0.365378 0.718390 0.048786 0.039593
0 0.504403 0.793501 0.087257 0.057996
0 0.355414 0.807040 0.030353 0.059325
0 0.270471 0.794701 0.032879 0.061439
0 0.164121 0.789154 0.039685 0.063539
0 0.389021 0.808236 0.033725 0.061197
0 0.067538 0.690837 0.054332 0.042071
0 0.201925 0.634402 0.044411 0.031557
0 0.038496 0.724040 0.062881 0.046972
0 0.737903 0.825433 0.064414 0.042518
0 0.175069 0.742980 0.053488 0.041346
0 0.899384 0.922796 0.058811 0.040217
0 0.321359 0.800343 0.032665 0.067553
