0 0.181712 0.689385 0.054442 0.043176
0 0.298806 0.682936 0.047419 0.038979
1 0.608588 0.928712 0.041205 0.067448
0 0.765058 0.940511 0.069180 0.051596
0 0.232011 0.792899 0.032099 0.054349
1 0.135437 0.391253 0.028546 0.045629
0 0.365841 0.719359 0.049603 0.038440
1 0.215657 0.956096 0.102007 0.087807
0 0.200819 0.635229 0.043650 0.031267
0 0.686019 0.944597 0.065659 0.048139
0 0.504753 0.796123 0.086814 0.055045
1 0.364769 0.721523 0.049134 0.033930
0 0.751529 0.867673 0.060812 0.041847
0 0.355364 0.807601 0.031273 0.059065
