1 0.215688 0.954978 0.102613 0.089716
0 0.751510 0.866827 0.060334 0.043433
0 0.298574 0.681905 0.047013 0.043323
0 0.430030 0.798876 0.047243 0.058240
0 0.364801 0.717752 0.048650 0.040262
0 0.686416 0.943868 0.066170 0.049640
0 0.232506 0.792196 0.031880 0.053729
0 0.764881 0.938960 0.068385 0.050461
0 0.504445 0.794527 0.087658 0.060649
0 0.739184 0.825517 0.065402 0.042158
0 0.355738 0.806813 0.031231 0.060627
0 0.201708 0.634497 0.044824 0.033321
0 0.389124 0.808592 0.033580 0.061049
0 0.270383 0.794740 0.032213 0.061260
1 0.042279 0.725954 0.061067 0.046548
0 0.534783 0.767363 0.053425 0.042567
0 0.132717 0.701545 0.050188 0.041691
0 0.195312 0.785163 0.036327 0.068395
1 0.033500 0.540187 0.030307 0.037751
0 0.671622 0.827123 0.066877 0.065950
