1 0.215928 0.955046 0.102059 0.089340
0 0.232315 0.791916 0.032226 0.053914
0 0.298544 0.681657 0.047342 0.041783
0 0.764856 0.938774 0.069580 0.051072
0 0.751791 0.867032 0.059958 0.042975
0 0.686322 0.943803 0.065593 0.049658
0 0.429657 0.798842 0.047076 0.057879
0 0.364912 0.718452 0.048757 0.038419
0 0.504316 0.793522 0.087678 0.058387
0 0.270367 0.794206 0.033060 0.061989
0 0.355590 0.806765 0.030782 0.059978
0 0.201642 0.634516 0.045152 0.032329
0 0.739572 0.825338 0.065267 0.041899
0 0.389120 0.808068 0.034061 0.061523
0 0.321477 0.800502 0.032893 0.067862
0 0.899243 0.922832 0.057803 0.039678
