1 0.215629 0.955291 0.102136 0.089418
0 0.298908 0.681803 0.046420 0.042146
0 0.764917 0.938918 0.069195 0.051133
0 0.751482 0.866597 0.060008 0.043180
0 0.232492 0.792646 0.032126 0.053421
0 0.685963 0.943414 0.065428 0.049524
0 0.365337 0.718311 0.048677 0.039555
0 0.504489 0.793863 0.087466 0.058494
0 0.270467 0.794320 0.033293 0.062032
0 0.355526 0.807143 0.031288 0.059953
0 0.739505 0.825310 0.065944 0.042045
0 0.429919 0.798921 0.047382 0.057831
0 0.202096 0.635095 0.044436 0.032479
0 0.389422 0.808305 0.033848 0.061527
0 0.786921 0.790960 0.056218 0.041330
0 0.321605 0.800620 0.032860 0.067601
0 0.899461 0.923211 0.058973 0.040302
