1 0.215905 0.955096 0.102646 0.089808
0 0.299154 0.681877 0.047492 0.041781
0 0.764926 0.938969 0.069139 0.051135
0 0.751733 0.867136 0.059714 0.043011
0 0.366164 0.741912 0.050192 0.041569
0 0.685776 0.943724 0.065732 0.049418
0 0.429803 0.799275 0.046659 0.057671
0 0.355191 0.808028 0.029096 0.057967
0 0.232127 0.792684 0.031538 0.052909
0 0.503778 0.793153 0.086369 0.057709
0 0.269726 0.794201 0.032892 0.062221
0 0.739367 0.825385 0.065650 0.041657
0 0.201976 0.634704 0.044533 0.030968
0 0.389376 0.808655 0.033860 0.061084
0 0.133906 0.737055 0.052976 0.043317
0 0.021862 0.723011 0.043585 0.042946
1 0.013001 0.571965 0.026002 0.064073
0 0.899361 0.922889 0.059599 0.040114
