0 0.337235 0.754555 0.054980 0.045682
0 0.504788 0.796375 0.088967 0.059730
0 0.751760 0.868602 0.058617 0.042225
0 0.299242 0.681823 0.048298 0.043667
0 0.764679 0.940150 0.067757 0.050766
1 0.041809 0.726822 0.059799 0.047387
1 0.217033 0.955584 0.107395 0.088832
0 0.365887 0.722968 0.050351 0.049858
0 0.232143 0.793667 0.031807 0.053578
0 0.686393 0.944713 0.064768 0.048285
0 0.270437 0.795154 0.032550 0.063659
1 0.597545 0.837360 0.045732 0.068631
0 0.429814 0.801005 0.047265 0.057711
0 0.356129 0.807913 0.030511 0.059079
0 0.388974 0.808772 0.034695 0.061056
1 0.368715 0.453843 0.029390 0.029253
0 0.898833 0.923770 0.057977 0.040205
0 0.321183 0.802032 0.031876 0.068139
