0 0.764852 0.940063 0.069117 0.050264
0 0.504700 0.796483 0.088267 0.063623
1 0.215899 0.956059 0.102147 0.087882
0 0.751267 0.867814 0.060835 0.042433
0 0.299084 0.682540 0.046993 0.040186
0 0.686013 0.944893 0.063124 0.047456
1 0.032755 0.725927 0.065510 0.045186
0 0.231775 0.792264 0.032099 0.055276
1 0.364463 0.722027 0.049473 0.034184
0 0.035258 0.725695 0.060979 0.043730
0 0.365371 0.719615 0.048924 0.037941
0 0.164318 0.790821 0.039977 0.066579
0 0.355553 0.807346 0.030856 0.059844
0 0.389597 0.809047 0.034785 0.061122
0 0.429753 0.800247 0.047706 0.058571
0 0.270245 0.795409 0.032979 0.061178
0 0.065122 0.694999 0.056104 0.051359
