0 0.185516 0.687302 0.051624 0.041905
0 0.299059 0.682485 0.049155 0.041537
0 0.765112 0.940297 0.068903 0.050463
1 0.215022 0.955871 0.102970 0.088258
1 0.133033 0.395522 0.028804 0.043246
1 0.608807 0.917746 0.040770 0.067511
0 0.364588 0.719016 0.047257 0.038030
0 0.751224 0.866459 0.061014 0.039463
0 0.231978 0.794303 0.032257 0.055244
0 0.504465 0.797604 0.087114 0.058503
0 0.686037 0.945288 0.065209 0.046122
0 0.270226 0.795800 0.032548 0.061220
0 0.429647 0.801306 0.046594 0.056441
0 0.607776 0.915927 0.035791 0.072062
0 0.355238 0.807435 0.030715 0.059515
0 0.389206 0.809080 0.034525 0.062911
0 0.202634 0.634785 0.044236 0.030142
