1 0.215818 0.955241 0.102637 0.089185
0 0.751573 0.866971 0.059848 0.043592
0 0.765201 0.939106 0.069184 0.051306
0 0.299484 0.681892 0.046933 0.042287
0 0.686815 0.944092 0.065044 0.049110
0 0.601216 0.785381 0.053045 0.046552
0 0.739089 0.825791 0.065939 0.042287
0 0.232566 0.792791 0.031433 0.054056
0 0.504334 0.793942 0.087241 0.057822
0 0.387542 0.764370 0.055369 0.045014
0 0.042251 0.725196 0.053571 0.044993
0 0.670992 0.822810 0.062736 0.057267
0 0.202092 0.634195 0.043534 0.032411
0 0.270329 0.794562 0.032460 0.062785
0 0.899207 0.923540 0.058667 0.040481
0 0.355591 0.809055 0.029818 0.060202
0 0.429592 0.799701 0.046854 0.056010
0 0.163862 0.790758 0.039679 0.065888
0 0.389391 0.809622 0.032638 0.061047
