1 0.215756 0.955096 0.103317 0.089808
0 0.232437 0.792260 0.032112 0.053972
0 0.764794 0.939046 0.069131 0.051324
0 0.298933 0.681572 0.047039 0.042451
0 0.751811 0.866951 0.059750 0.042793
0 0.686357 0.943459 0.065213 0.049681
0 0.395100 0.759433 0.055254 0.046446
0 0.504234 0.793480 0.087250 0.057269
0 0.739104 0.825250 0.065423 0.042504
0 0.430056 0.799558 0.046692 0.055895
0 0.270290 0.794789 0.032097 0.061068
0 0.202040 0.634429 0.044138 0.033298
0 0.355173 0.806242 0.030608 0.061115
0 0.389356 0.808636 0.033311 0.061219
1 0.040780 0.725202 0.064756 0.046963
1 0.060749 0.509390 0.030843 0.037099
0 0.195000 0.784880 0.036999 0.070231
0 0.364165 0.717829 0.046587 0.038340
0 0.163752 0.791242 0.039442 0.066769
