1 0.215446 0.956024 0.102452 0.087952
0 0.291779 0.748088 0.053395 0.050725
0 0.764498 0.940117 0.068634 0.051088
0 0.751239 0.867653 0.059684 0.043264
0 0.685954 0.944539 0.063892 0.047340
0 0.505016 0.796157 0.089544 0.059941
1 0.038648 0.724437 0.064266 0.042417
0 0.298468 0.681876 0.047178 0.042108
0 0.232024 0.792382 0.031982 0.055435
0 0.041733 0.725443 0.055592 0.043464
0 0.669725 0.823803 0.061520 0.058976
0 0.201523 0.635276 0.044876 0.032779
0 0.739470 0.826088 0.067364 0.040562
0 0.898632 0.923603 0.058079 0.040149
0 0.163800 0.790944 0.039972 0.066743
0 0.172425 0.895546 0.076497 0.070563
