1 0.216061 0.955187 0.102821 0.089626
0 0.298571 0.681362 0.047563 0.041398
0 0.764830 0.938726 0.069358 0.051532
0 0.751441 0.866585 0.060377 0.043150
0 0.232098 0.792573 0.032763 0.053781
0 0.686449 0.942954 0.066679 0.049598
0 0.365298 0.718312 0.048630 0.038109
0 0.504138 0.793304 0.087114 0.057338
0 0.269822 0.794207 0.033310 0.062030
0 0.202603 0.634020 0.043557 0.030858
0 0.355532 0.807278 0.031113 0.057943
0 0.738639 0.825298 0.065172 0.042095
0 0.899417 0.923095 0.058935 0.039469
0 0.148913 0.614941 0.044930 0.033423
0 0.321568 0.800125 0.033247 0.068152
