1 0.216303 0.955249 0.102498 0.089085
0 0.298677 0.681856 0.047013 0.041303
0 0.686248 0.943510 0.065835 0.049975
0 0.764980 0.938817 0.069358 0.050937
0 0.751481 0.866941 0.060354 0.043336
0 0.232098 0.792077 0.031561 0.053719
0 0.364859 0.718073 0.049120 0.039550
0 0.162339 0.706505 0.049646 0.041792
0 0.739274 0.825504 0.065616 0.041704
0 0.429642 0.799386 0.047249 0.057329
0 0.355465 0.806589 0.031423 0.059576
0 0.270092 0.794226 0.032386 0.062767
0 0.503863 0.794837 0.087976 0.060818
0 0.389497 0.808300 0.034583 0.061795
0 0.202531 0.634692 0.044023 0.031559
0 0.163835 0.789260 0.040201 0.065496
1 0.047554 0.529576 0.030611 0.035278
0 0.899350 0.923224 0.058618 0.039436
0 0.172191 0.895221 0.067014 0.070370
0 0.194973 0.784951 0.035704 0.067875
0 0.321442 0.800320 0.032973 0.068104
