1 0.215980 0.954956 0.101980 0.090087
0 0.764906 0.938715 0.069656 0.051711
0 0.298656 0.681661 0.047082 0.041442
0 0.751897 0.866711 0.061002 0.043032
0 0.231894 0.792194 0.031807 0.053453
0 0.365277 0.718711 0.048546 0.038835
0 0.429734 0.798848 0.047341 0.058067
0 0.686359 0.943985 0.065440 0.049465
0 0.504144 0.793409 0.087564 0.058309
0 0.269978 0.793095 0.032847 0.064085
0 0.265478 0.748578 0.053231 0.040793
0 0.355236 0.806703 0.030846 0.059891
0 0.389447 0.808186 0.034063 0.062068
1 0.041706 0.726282 0.066113 0.047940
0 0.739295 0.825159 0.066409 0.043234
0 0.201851 0.634432 0.044294 0.032143
1 0.054685 0.481336 0.029256 0.053257
0 0.321408 0.800481 0.032771 0.069008
