1 0.216033 0.956028 0.101656 0.087944
0 0.764992 0.940137 0.068695 0.050402
0 0.298904 0.681928 0.047839 0.040575
0 0.503020 0.790651 0.085712 0.050042
0 0.751409 0.867659 0.059623 0.041431
0 0.232137 0.794903 0.031196 0.053010
0 0.503792 0.794506 0.095711 0.064776
0 0.429886 0.800675 0.047534 0.058650
0 0.364693 0.718863 0.047675 0.039364
0 0.388913 0.808902 0.034876 0.062746
0 0.270350 0.794481 0.032580 0.063177
1 0.364239 0.719222 0.049030 0.037760
0 0.203595 0.635120 0.046577 0.032175
0 0.739083 0.826264 0.067023 0.040485
0 0.685886 0.944819 0.065097 0.048819
0 0.355358 0.807385 0.030864 0.059957
0 0.175552 0.903224 0.076020 0.085954
0 0.899552 0.923637 0.058582 0.039763
