0 0.764798 0.940257 0.068729 0.050584
1 0.215478 0.956042 0.102928 0.087915
0 0.504569 0.793066 0.087648 0.056288
0 0.750847 0.867381 0.060090 0.040873
0 0.298663 0.682495 0.048089 0.041822
0 0.685380 0.944252 0.067016 0.048676
0 0.739629 0.825778 0.065773 0.040825
0 0.231823 0.794098 0.031968 0.054210
0 0.364617 0.719368 0.048233 0.038829
1 0.364071 0.721067 0.049759 0.035409
0 0.355131 0.807654 0.031193 0.058288
0 0.900056 0.924004 0.057637 0.037955
0 0.269991 0.794992 0.033240 0.062978
1 0.069246 0.471017 0.027528 0.036077
0 0.429161 0.800931 0.047962 0.057359
0 0.475746 0.714083 0.056900 0.049751
0 0.321189 0.802235 0.033075 0.066921
