1 0.215830 0.955248 0.102222 0.089503
0 0.764809 0.938738 0.069696 0.051071
0 0.686054 0.943764 0.065622 0.049906
0 0.751429 0.866834 0.060131 0.043175
0 0.298616 0.681714 0.046906 0.042021
0 0.232013 0.792247 0.031872 0.053148
0 0.739301 0.825544 0.065844 0.041967
0 0.504423 0.793273 0.087148 0.056107
0 0.270072 0.794995 0.032999 0.061514
0 0.201776 0.634618 0.044633 0.032327
0 0.389060 0.808858 0.033469 0.059870
0 0.429073 0.800332 0.047226 0.054864
0 0.355056 0.806259 0.030747 0.060271
0 0.899705 0.922989 0.058470 0.039669
0 0.149759 0.615467 0.045548 0.034178
