0 0.503995 0.796374 0.086842 0.061354
0 0.751225 0.867087 0.060176 0.040265
0 0.764914 0.940036 0.068989 0.049908
0 0.298583 0.682187 0.046735 0.039135
1 0.216256 0.955864 0.102662 0.088272
0 0.301784 0.748799 0.042378 0.038199
0 0.231980 0.793365 0.032174 0.053353
0 0.685348 0.943649 0.065905 0.048229
0 0.270153 0.796058 0.032088 0.061086
0 0.365265 0.718796 0.048610 0.037500
0 0.738713 0.826179 0.063772 0.041945
0 0.171214 0.896197 0.067747 0.069845
0 0.201236 0.635402 0.044087 0.030501
0 0.164107 0.791061 0.041685 0.065275
0 0.321524 0.801456 0.033149 0.068309
0 0.473509 0.710219 0.047247 0.038873
0 0.355396 0.807329 0.030572 0.058030
