1 0.216015 0.955359 0.101819 0.089283
0 0.298923 0.681844 0.047596 0.041807
0 0.764880 0.938948 0.069398 0.051421
0 0.232559 0.792601 0.031836 0.052474
0 0.751796 0.866875 0.060848 0.043138
0 0.685921 0.943794 0.065354 0.049354
0 0.504420 0.793883 0.087230 0.057496
0 0.429550 0.799664 0.047010 0.057271
0 0.159644 0.693206 0.054584 0.040520
0 0.355553 0.806671 0.030806 0.060346
0 0.270181 0.794386 0.032976 0.062317
0 0.365238 0.718022 0.047810 0.038427
0 0.389377 0.809440 0.033234 0.058942
0 0.411992 0.763402 0.050960 0.042731
0 0.738832 0.825486 0.065105 0.041816
1 0.039906 0.725873 0.067191 0.047976
0 0.201790 0.633980 0.044774 0.032867
0 0.613566 0.964989 0.041393 0.070022
0 0.321706 0.800186 0.032826 0.068372
