1 0.215679 0.955124 0.103306 0.089753
0 0.751826 0.866926 0.060178 0.042932
0 0.764886 0.939074 0.069294 0.051278
0 0.686508 0.944442 0.065135 0.049978
0 0.232553 0.792556 0.031979 0.054090
0 0.364864 0.718769 0.048290 0.039465
0 0.299278 0.682508 0.046488 0.041481
0 0.270582 0.794468 0.032241 0.062430
0 0.355420 0.807828 0.031263 0.059740
0 0.506816 0.796141 0.087334 0.061221
0 0.899656 0.922856 0.058127 0.040688
0 0.389221 0.808411 0.033951 0.062059
0 0.670799 0.820028 0.061904 0.050878
0 0.202020 0.634777 0.044855 0.032941
0 0.194995 0.785491 0.036679 0.069077
0 0.475590 0.712183 0.050873 0.045541
0 0.448006 0.771209 0.045107 0.043446
