0 0.751456 0.867677 0.059996 0.042285
0 0.504589 0.794380 0.087902 0.056742
0 0.764913 0.940081 0.069123 0.050612
1 0.216078 0.955739 0.102146 0.088523
1 0.316232 0.700672 0.052132 0.052675
0 0.319149 0.702214 0.053108 0.046833
0 0.686183 0.944329 0.064847 0.049508
0 0.232115 0.792858 0.031743 0.053036
0 0.355213 0.807355 0.031205 0.057548
0 0.270335 0.794586 0.032749 0.063466
0 0.739987 0.826357 0.068314 0.040438
0 0.292645 0.682632 0.033742 0.039726
0 0.201333 0.635101 0.044454 0.030632
0 0.163563 0.791442 0.039754 0.066925
0 0.429574 0.800486 0.046632 0.058729
0 0.388971 0.808443 0.034343 0.060714
0 0.321308 0.802108 0.033127 0.067157
0 0.364826 0.719707 0.048157 0.039789
0 0.194864 0.785856 0.034707 0.067506
0 0.169639 0.891289 0.062622 0.062976
