0 0.751800 0.867521 0.059506 0.041694
1 0.215996 0.955927 0.101727 0.088145
0 0.764657 0.940322 0.068639 0.050120
0 0.504574 0.796533 0.087003 0.062317
0 0.298927 0.682425 0.047695 0.039713
0 0.686126 0.945842 0.064808 0.047854
0 0.232104 0.792787 0.031787 0.054026
0 0.365156 0.719237 0.047510 0.038076
0 0.430068 0.800694 0.047429 0.058560
0 0.355390 0.807297 0.030980 0.059754
0 0.389270 0.809340 0.033977 0.061613
0 0.270281 0.795402 0.032697 0.062184
0 0.321223 0.801687 0.033211 0.067818
1 0.068705 0.484224 0.027154 0.035114
