1 0.215645 0.955181 0.102133 0.089458
0 0.764692 0.938585 0.068909 0.051013
0 0.298298 0.681537 0.046746 0.041442
0 0.429816 0.798623 0.047060 0.057052
0 0.686316 0.943989 0.065340 0.049676
0 0.751233 0.866839 0.060049 0.043284
0 0.365083 0.718032 0.048658 0.039572
0 0.232020 0.792654 0.031398 0.052736
0 0.061778 0.688523 0.054202 0.042123
0 0.269987 0.795243 0.032572 0.060049
0 0.504136 0.793610 0.087482 0.059017
0 0.739064 0.825282 0.065274 0.041944
0 0.176399 0.739737 0.053993 0.043961
0 0.355293 0.807247 0.030655 0.058216
0 0.263248 0.727720 0.047120 0.040788
0 0.164022 0.789574 0.039183 0.062788
0 0.389548 0.808460 0.033850 0.060964
0 0.201610 0.634414 0.045124 0.032546
0 0.899202 0.922751 0.058172 0.039678
0 0.321347 0.800521 0.032545 0.068134
