1 0.215838 0.955209 0.101758 0.089048
0 0.298897 0.681790 0.046938 0.041974
0 0.764772 0.939112 0.069355 0.051628
0 0.751523 0.866544 0.060163 0.043431
0 0.685927 0.943485 0.065039 0.049954
0 0.365230 0.718426 0.049025 0.038865
0 0.429728 0.799314 0.047602 0.057574
0 0.232389 0.792441 0.031814 0.052578
0 0.504205 0.793623 0.087514 0.058862
0 0.739266 0.825390 0.066065 0.041549
0 0.355448 0.807443 0.030758 0.058591
0 0.269884 0.794337 0.033289 0.062095
0 0.175462 0.707479 0.046304 0.038273
0 0.389087 0.808350 0.033557 0.061363
0 0.899448 0.922843 0.058292 0.040109
0 0.321575 0.800547 0.033012 0.067713
