1 0.215573 0.955319 0.102436 0.089362
0 0.751491 0.866818 0.059785 0.043033
0 0.764868 0.939142 0.069378 0.051342
0 0.686220 0.943512 0.065128 0.049814
0 0.298853 0.681438 0.046412 0.040558
0 0.364959 0.718017 0.048793 0.039426
0 0.232195 0.792418 0.031956 0.053479
0 0.429746 0.799305 0.047005 0.057721
0 0.304001 0.746483 0.057637 0.043887
0 0.504474 0.794123 0.087802 0.059428
0 0.739197 0.825283 0.065610 0.041939
0 0.355518 0.806815 0.030972 0.060172
0 0.389178 0.808164 0.033832 0.061758
0 0.269594 0.794222 0.031987 0.061793
0 0.201679 0.634406 0.044825 0.032508
0 0.321287 0.800153 0.032211 0.067822
0 0.899114 0.922793 0.059150 0.039623
