0 0.299598 0.682883 0.049056 0.038762
0 0.751234 0.867824 0.060850 0.042490
0 0.208654 0.740984 0.057170 0.043581
0 0.504515 0.795538 0.087714 0.060211
0 0.764952 0.940600 0.069464 0.051203
1 0.216274 0.955894 0.101406 0.088212
0 0.232231 0.795309 0.031288 0.053322
0 0.270423 0.795809 0.032576 0.061324
0 0.685064 0.944055 0.065240 0.046562
0 0.388924 0.809645 0.034381 0.059528
0 0.740001 0.826095 0.068198 0.039951
0 0.364771 0.719459 0.047635 0.039429
0 0.355438 0.807904 0.030567 0.058091
0 0.202662 0.635208 0.044480 0.031418
1 0.364532 0.720980 0.048515 0.037311
0 0.899134 0.924228 0.058042 0.039219
0 0.195236 0.787635 0.035105 0.066314
0 0.429974 0.800381 0.046804 0.061253
0 0.164205 0.791366 0.040491 0.064981
