0 0.751518 0.867892 0.059770 0.042818
0 0.299483 0.682146 0.047890 0.039895
0 0.763928 0.939651 0.066287 0.048979
0 0.686064 0.943987 0.064324 0.050227
0 0.232054 0.792025 0.031785 0.055266
1 0.215980 0.955567 0.102966 0.088866
0 0.364124 0.718929 0.048489 0.039875
0 0.355026 0.808656 0.030891 0.057024
0 0.507416 0.801026 0.086140 0.067265
0 0.270155 0.795436 0.032411 0.062062
0 0.201485 0.634466 0.044152 0.033440
0 0.475198 0.718569 0.054521 0.058898
0 0.195006 0.785951 0.036126 0.071209
0 0.505203 0.791363 0.086716 0.053164
0 0.321103 0.801398 0.032555 0.068311
0 0.670642 0.830121 0.063148 0.071574
