1 0.215806 0.955226 0.102402 0.089529
0 0.298859 0.681737 0.046754 0.041523
0 0.764812 0.939030 0.069843 0.051565
0 0.751556 0.866728 0.060356 0.043513
0 0.686200 0.943451 0.065570 0.049933
0 0.365184 0.718371 0.049117 0.038308
0 0.232311 0.792207 0.032026 0.053420
0 0.429871 0.799140 0.047292 0.058651
0 0.504063 0.793517 0.087237 0.057702
0 0.739258 0.825434 0.065454 0.042004
0 0.270071 0.794247 0.032913 0.062155
0 0.355525 0.807605 0.030762 0.058390
0 0.201835 0.634430 0.044711 0.032228
0 0.389189 0.808729 0.033736 0.061266
0 0.899553 0.922956 0.058947 0.040636
0 0.321387 0.800705 0.032792 0.067716
