1 0.215396 0.954995 0.102844 0.090010
0 0.231891 0.792416 0.031342 0.054107
0 0.751358 0.866814 0.059664 0.043654
0 0.764684 0.938754 0.069233 0.051094
0 0.252814 0.732221 0.048548 0.055119
0 0.686311 0.943433 0.065647 0.050277
0 0.298194 0.680994 0.047449 0.041202
0 0.738777 0.825472 0.065372 0.042171
0 0.504324 0.793724 0.088557 0.058214
0 0.042347 0.724488 0.055955 0.046359
0 0.438929 0.740619 0.051969 0.044319
0 0.337168 0.757145 0.053196 0.043428
0 0.364360 0.718002 0.048206 0.038873
0 0.201680 0.634284 0.044628 0.032949
0 0.163708 0.790042 0.039363 0.065130
0 0.270217 0.793994 0.032357 0.062092
0 0.354840 0.806941 0.029083 0.059124
0 0.195081 0.785582 0.035460 0.068036
0 0.670768 0.819590 0.062819 0.050661
0 0.899727 0.922621 0.057639 0.040647
0 0.148889 0.616252 0.044760 0.035005
0 0.169049 0.893557 0.063377 0.067812
