0 0.751988 0.867940 0.058977 0.042256
0 0.765176 0.940575 0.069938 0.050950
0 0.299247 0.682623 0.047966 0.041254
0 0.504649 0.793336 0.088357 0.055911
1 0.216694 0.955931 0.101757 0.088138
0 0.232020 0.792905 0.031619 0.053837
0 0.685555 0.945132 0.066128 0.047239
0 0.365220 0.718810 0.048139 0.038666
0 0.270169 0.795153 0.033180 0.062487
0 0.355594 0.807876 0.030497 0.058845
0 0.203420 0.634766 0.044209 0.030504
0 0.429979 0.801197 0.047330 0.058145
0 0.389328 0.808620 0.034696 0.061950
1 0.365024 0.719420 0.047501 0.035750
0 0.321476 0.801702 0.032883 0.067599
1 0.080557 0.474696 0.027176 0.036355
0 0.164221 0.791023 0.040602 0.066003
0 0.195393 0.786715 0.036111 0.068369
