0 0.752048 0.868335 0.059093 0.042202
0 0.764715 0.940370 0.068128 0.050600
1 0.216009 0.956155 0.101055 0.087690
0 0.299687 0.682857 0.048343 0.041654
0 0.685908 0.944923 0.066193 0.049027
0 0.189884 0.713386 0.048692 0.039599
0 0.504425 0.794980 0.089392 0.062161
0 0.232154 0.795257 0.031255 0.052939
1 0.017038 0.570053 0.032096 0.041019
0 0.739865 0.826236 0.068453 0.040981
0 0.355432 0.808490 0.030018 0.058158
0 0.270456 0.795356 0.032514 0.062844
1 0.364507 0.720992 0.049434 0.035235
0 0.899607 0.923756 0.056361 0.038541
0 0.429905 0.800026 0.048301 0.059711
0 0.365598 0.719330 0.049432 0.039073
0 0.388944 0.808819 0.034248 0.061890
