0 0.752184 0.868328 0.059064 0.042168
0 0.765072 0.940227 0.069217 0.050626
0 0.299504 0.682276 0.048992 0.042474
0 0.504237 0.795160 0.087211 0.057951
0 0.685406 0.944394 0.067150 0.048169
1 0.215550 0.955761 0.102373 0.088479
0 0.152802 0.740538 0.059248 0.043883
0 0.365058 0.719057 0.048654 0.039376
0 0.231989 0.793402 0.032133 0.052604
0 0.739680 0.825417 0.067665 0.039735
0 0.430105 0.800259 0.046804 0.058702
0 0.202860 0.635306 0.044518 0.029639
0 0.389097 0.809531 0.034838 0.062662
0 0.616889 0.943222 0.037631 0.079254
0 0.270279 0.795569 0.032930 0.063306
0 0.355779 0.806933 0.031037 0.060248
0 0.899547 0.923637 0.058171 0.038826
0 0.475498 0.713564 0.049785 0.046715
