1 0.216876 0.955935 0.101363 0.088129
0 0.765208 0.940513 0.070093 0.051231
0 0.751528 0.867872 0.059869 0.041828
0 0.501341 0.790132 0.081688 0.050767
0 0.299027 0.682053 0.048379 0.041944
0 0.686566 0.945433 0.063397 0.046571
0 0.232181 0.794782 0.030991 0.053447
0 0.062475 0.689937 0.052935 0.041161
0 0.270418 0.795398 0.032682 0.062406
0 0.393981 0.763018 0.055144 0.043551
0 0.505070 0.797659 0.091334 0.065563
0 0.738989 0.825613 0.064420 0.043427
0 0.389680 0.809449 0.033106 0.059525
0 0.201438 0.634701 0.044002 0.032231
0 0.355315 0.808589 0.030029 0.057490
