0 0.751999 0.868146 0.060028 0.043054
0 0.764790 0.940555 0.068742 0.051190
0 0.686099 0.944704 0.064392 0.048894
1 0.215469 0.955786 0.103896 0.088428
0 0.300510 0.683029 0.049390 0.041535
0 0.232299 0.795171 0.031372 0.052842
0 0.740550 0.826536 0.065905 0.043516
0 0.899193 0.923967 0.056329 0.039284
0 0.473995 0.709198 0.046473 0.039431
0 0.201356 0.634714 0.044854 0.032314
0 0.669656 0.824791 0.061896 0.057591
0 0.355387 0.810222 0.029226 0.058348
0 0.364926 0.719215 0.048569 0.040403
0 0.270364 0.795264 0.032398 0.061952
1 0.364246 0.720559 0.049292 0.037792
