0 0.331172 0.757846 0.055393 0.049633
0 0.752203 0.868285 0.060341 0.042636
0 0.299661 0.682219 0.048861 0.046330
0 0.232392 0.794637 0.031549 0.054711
1 0.041544 0.725574 0.060442 0.042565
0 0.505554 0.792945 0.092147 0.073638
1 0.215460 0.955711 0.103116 0.088578
0 0.764573 0.940825 0.068057 0.050807
0 0.270296 0.795214 0.032769 0.063849
0 0.685741 0.945399 0.066714 0.049207
0 0.321278 0.802780 0.032158 0.066622
0 0.357123 0.808229 0.030923 0.057874
0 0.043031 0.726948 0.052928 0.041335
0 0.202050 0.634499 0.045101 0.033778
0 0.430614 0.801210 0.047634 0.058189
0 0.669124 0.824437 0.059145 0.056369
0 0.740137 0.826205 0.068159 0.040346
0 0.164867 0.791960 0.040086 0.066830
0 0.195347 0.786382 0.036317 0.070368
0 0.899735 0.923806 0.057728 0.040506
