1 0.215711 0.955542 0.101276 0.088712
0 0.751362 0.866666 0.060165 0.043452
0 0.298978 0.682058 0.047035 0.041663
0 0.764900 0.938853 0.069572 0.051472
0 0.686311 0.943609 0.065602 0.049485
0 0.429647 0.799544 0.047794 0.057390
0 0.232238 0.792468 0.031919 0.052956
0 0.061715 0.688995 0.053820 0.042134
0 0.366939 0.758875 0.053323 0.041311
0 0.739128 0.825381 0.065900 0.041824
0 0.270069 0.794311 0.033126 0.062020
0 0.355340 0.806611 0.030063 0.058742
0 0.365372 0.719105 0.047893 0.039184
0 0.504515 0.793436 0.087900 0.060823
0 0.202054 0.634773 0.043393 0.031425
0 0.389377 0.808818 0.032988 0.060028
0 0.899476 0.922717 0.058361 0.040212
