1 0.215633 0.955266 0.102203 0.089468
0 0.685951 0.943844 0.064890 0.049453
0 0.764947 0.938984 0.069285 0.051283
0 0.751371 0.866790 0.060223 0.043229
0 0.298489 0.681593 0.047064 0.041977
0 0.429710 0.798730 0.046898 0.057331
0 0.364996 0.718315 0.048455 0.038980
0 0.232402 0.792539 0.031542 0.052358
0 0.504241 0.793415 0.087237 0.058424
0 0.739210 0.825307 0.065898 0.042151
0 0.270058 0.794955 0.033008 0.060811
0 0.355296 0.807368 0.030496 0.059091
0 0.178083 0.708453 0.046657 0.037978
0 0.389133 0.808493 0.034610 0.061165
0 0.899203 0.922825 0.059143 0.040681
0 0.321583 0.800585 0.032835 0.067761
