1 0.215345 0.955706 0.104278 0.088588
0 0.764821 0.940124 0.068994 0.050371
0 0.504348 0.797806 0.087582 0.063852
0 0.751411 0.867766 0.060346 0.042413
0 0.299147 0.683070 0.048765 0.039980
0 0.686001 0.944929 0.064659 0.048597
0 0.232076 0.793657 0.031382 0.052557
0 0.201607 0.635186 0.044135 0.031634
0 0.270113 0.795802 0.032844 0.061393
0 0.364930 0.719178 0.049020 0.039163
0 0.389209 0.809006 0.034398 0.060289
0 0.633866 0.783124 0.062478 0.044454
0 0.355229 0.806763 0.031524 0.060443
1 0.364602 0.720237 0.049208 0.036469
0 0.739338 0.826036 0.067249 0.040291
0 0.163997 0.791210 0.040977 0.066195
0 0.429714 0.800521 0.046564 0.057868
0 0.195781 0.784791 0.035249 0.072151
