1 0.215958 0.955182 0.101946 0.089114
0 0.232031 0.792315 0.032153 0.052706
0 0.764607 0.938560 0.069395 0.050911
0 0.751571 0.866567 0.060568 0.042950
0 0.298227 0.681388 0.047376 0.041101
0 0.686223 0.943094 0.066167 0.049810
0 0.365031 0.718236 0.049403 0.038482
0 0.504180 0.794051 0.087507 0.058651
0 0.739290 0.825417 0.066142 0.041899
0 0.269812 0.792636 0.032722 0.064586
0 0.275344 0.744678 0.042652 0.039385
0 0.201665 0.634201 0.044844 0.031044
0 0.900557 0.923256 0.056662 0.038676
0 0.355188 0.806923 0.030115 0.057001
0 0.164124 0.789537 0.041952 0.065759
