0 0.368099 0.758867 0.054922 0.043471
0 0.764982 0.940638 0.068532 0.050330
0 0.504832 0.795131 0.089359 0.058586
0 0.751956 0.868341 0.059556 0.041999
1 0.039744 0.726650 0.066076 0.047495
0 0.299705 0.682884 0.048298 0.043460
0 0.686457 0.944996 0.064335 0.049505
1 0.216465 0.955875 0.101553 0.088250
0 0.365014 0.720022 0.048869 0.043199
0 0.231932 0.793111 0.031946 0.054585
0 0.201769 0.634437 0.044205 0.032206
0 0.355226 0.810825 0.029177 0.056304
1 0.367843 0.453954 0.030496 0.028848
1 0.053494 0.519611 0.031811 0.037232
0 0.270295 0.795299 0.032747 0.062637
0 0.739101 0.826114 0.063803 0.042936
0 0.387239 0.808297 0.032631 0.054462
0 0.475713 0.717592 0.049935 0.054394
0 0.041944 0.726493 0.055269 0.046033
0 0.430512 0.800536 0.047246 0.057979
