1 0.215715 0.955273 0.103094 0.089308
0 0.232581 0.793454 0.031494 0.052630
0 0.364910 0.718796 0.048660 0.039690
0 0.751940 0.866883 0.060800 0.043693
0 0.765126 0.939590 0.069489 0.051196
0 0.298942 0.682309 0.047023 0.041953
0 0.230491 0.716428 0.051971 0.044373
0 0.686484 0.944317 0.064874 0.049837
0 0.430198 0.799051 0.046999 0.059051
0 0.505521 0.794384 0.089549 0.060592
0 0.739554 0.825511 0.066158 0.042100
0 0.355703 0.807590 0.030761 0.059003
0 0.270564 0.795389 0.032897 0.062011
0 0.389647 0.808676 0.034101 0.061560
0 0.195560 0.787044 0.036177 0.065873
0 0.163972 0.790270 0.040300 0.066463
0 0.202143 0.634569 0.044520 0.033190
1 0.505716 0.795358 0.092534 0.063653
1 0.577504 0.719475 0.028847 0.049066
1 0.087420 0.477094 0.026924 0.035825
