1 0.215611 0.955250 0.102337 0.089391
0 0.686183 0.943717 0.065611 0.049622
0 0.429897 0.799200 0.047005 0.057840
0 0.764867 0.938778 0.069224 0.050901
0 0.298748 0.681630 0.047432 0.041764
0 0.751501 0.866894 0.060553 0.043273
0 0.232126 0.793329 0.031382 0.052442
0 0.365153 0.718031 0.048834 0.038571
0 0.504235 0.793574 0.087427 0.058398
0 0.061012 0.688261 0.052857 0.040428
0 0.739329 0.825296 0.065811 0.042118
0 0.355506 0.807431 0.030329 0.058355
0 0.270270 0.794073 0.032906 0.062187
0 0.219742 0.717224 0.046840 0.041287
0 0.389287 0.808479 0.034081 0.061004
0 0.899567 0.922901 0.057149 0.039817
0 0.163835 0.789084 0.039490 0.065439
0 0.321495 0.800498 0.032869 0.067730
0 0.201883 0.634179 0.043671 0.031355
