0 0.751856 0.867674 0.059529 0.042226
1 0.216187 0.956018 0.100844 0.087964
0 0.765042 0.939931 0.069162 0.049874
0 0.504967 0.797334 0.087916 0.062891
0 0.686135 0.943975 0.064693 0.048975
0 0.355465 0.807837 0.029353 0.059027
0 0.298931 0.681588 0.048196 0.042194
0 0.231859 0.794127 0.032438 0.052980
0 0.270288 0.794828 0.032769 0.065219
0 0.739138 0.825996 0.063511 0.041809
0 0.389569 0.808254 0.034494 0.061205
0 0.430091 0.800605 0.046715 0.059848
0 0.203279 0.636100 0.044856 0.030868
0 0.898861 0.923885 0.057183 0.039216
0 0.346616 0.756791 0.078885 0.056891
0 0.475141 0.713537 0.049182 0.046547
0 0.177536 0.905848 0.080222 0.088367
