0 0.764658 0.940288 0.069208 0.050540
0 0.751547 0.867741 0.059741 0.041755
0 0.298678 0.682228 0.048233 0.042033
1 0.215196 0.955705 0.105690 0.088590
0 0.201865 0.635072 0.044794 0.032215
1 0.043031 0.725703 0.059965 0.046364
0 0.231846 0.791274 0.031985 0.056148
0 0.685921 0.944667 0.065160 0.048946
0 0.364467 0.718732 0.047478 0.039193
0 0.503015 0.778671 0.090820 0.068552
0 0.428885 0.799830 0.045764 0.059044
0 0.481794 0.760442 0.048008 0.029234
0 0.194514 0.785706 0.035659 0.071369
0 0.738274 0.825803 0.066069 0.039982
0 0.355730 0.807361 0.030568 0.059173
0 0.389001 0.808824 0.034540 0.062920
0 0.270376 0.795186 0.032457 0.062297
0 0.042941 0.725120 0.054638 0.045537
0 0.163499 0.791071 0.039420 0.067512
0 0.490136 0.772250 0.065294 0.051430
0 0.166737 0.891986 0.065402 0.066079
