1 0.215758 0.955036 0.102954 0.089242
0 0.751496 0.866934 0.059871 0.043631
0 0.764989 0.938976 0.069391 0.051025
0 0.298918 0.681579 0.047170 0.041642
0 0.686469 0.943423 0.065898 0.050110
0 0.232336 0.791978 0.031794 0.054502
0 0.372724 0.762279 0.054225 0.044008
0 0.739156 0.825602 0.066004 0.041937
0 0.504894 0.794838 0.088376 0.060849
0 0.042180 0.724590 0.055013 0.046990
0 0.569770 0.780774 0.052436 0.043964
0 0.670895 0.823018 0.062314 0.058488
0 0.430173 0.799160 0.046898 0.057192
0 0.270474 0.794282 0.032112 0.062463
0 0.202199 0.634290 0.043852 0.032429
0 0.364371 0.718213 0.048500 0.040908
0 0.899733 0.922849 0.057347 0.039596
0 0.195354 0.785084 0.035315 0.068626
0 0.355944 0.807574 0.030163 0.060028
0 0.164034 0.789968 0.040356 0.066500
