1 0.215512 0.956130 0.103784 0.087739
0 0.752116 0.867642 0.058713 0.041697
0 0.764886 0.940250 0.069171 0.051061
0 0.299163 0.682704 0.048030 0.042216
0 0.685499 0.944987 0.063954 0.047406
0 0.062163 0.690759 0.053948 0.042919
0 0.503980 0.793895 0.087026 0.051737
0 0.232203 0.791635 0.031905 0.055451
0 0.313825 0.755474 0.053965 0.043360
0 0.355570 0.807488 0.030875 0.059299
0 0.739649 0.826056 0.066957 0.039880
0 0.428906 0.801330 0.045654 0.056287
0 0.389297 0.808391 0.035233 0.060817
0 0.364217 0.719303 0.047207 0.038729
0 0.202970 0.634390 0.044344 0.030932
0 0.321351 0.802137 0.032373 0.067848
0 0.270160 0.794932 0.032703 0.064184
