0 0.765062 0.940575 0.068258 0.050440
0 0.751493 0.868131 0.059836 0.042458
1 0.215787 0.955979 0.102342 0.088041
0 0.299379 0.683577 0.046994 0.041728
1 0.079111 0.489878 0.028937 0.036492
0 0.211143 0.714153 0.050992 0.043996
0 0.505569 0.798459 0.090763 0.065329
0 0.232279 0.794765 0.031051 0.053591
0 0.364601 0.718582 0.047608 0.039037
0 0.686197 0.945510 0.064792 0.049173
0 0.194615 0.786255 0.033158 0.068015
0 0.270428 0.795398 0.032585 0.061818
0 0.355930 0.808570 0.030565 0.058444
1 0.222666 0.589182 0.052061 0.049415
0 0.163851 0.791306 0.039436 0.066850
0 0.201499 0.634505 0.044170 0.033698
1 0.504930 0.801190 0.096436 0.070760
1 0.363826 0.720088 0.048690 0.034733
0 0.898303 0.924062 0.055481 0.039176
0 0.389844 0.809290 0.034138 0.061280
