1 0.215551 0.955161 0.102330 0.089675
0 0.364477 0.718405 0.048627 0.039112
0 0.764727 0.939216 0.069162 0.051430
0 0.751457 0.866931 0.059720 0.043074
0 0.429950 0.798939 0.046751 0.058226
0 0.231958 0.793242 0.030907 0.052436
0 0.686312 0.943985 0.065150 0.049359
0 0.298843 0.681324 0.046764 0.041504
0 0.262597 0.746573 0.053415 0.044426
0 0.503992 0.793627 0.086703 0.057342
1 0.042529 0.724499 0.060286 0.046087
0 0.355405 0.806947 0.030846 0.059952
0 0.389386 0.808213 0.033823 0.061113
0 0.586395 0.820581 0.047479 0.066315
0 0.195352 0.785822 0.035924 0.068877
0 0.270321 0.794354 0.031460 0.062149
1 0.585900 0.820244 0.047019 0.065430
0 0.899625 0.923045 0.058038 0.040536
0 0.201993 0.634017 0.044461 0.033396
0 0.163749 0.789897 0.040054 0.066764
0 0.670933 0.818841 0.061212 0.050549
0 0.168382 0.892523 0.062304 0.066226
