1 0.216005 0.955026 0.102616 0.089948
0 0.298815 0.681725 0.047589 0.042245
0 0.751459 0.867068 0.060028 0.043624
0 0.764902 0.938858 0.069239 0.051196
0 0.686158 0.943868 0.065563 0.049673
0 0.237506 0.746629 0.061886 0.045750
0 0.504327 0.793493 0.087291 0.057746
0 0.232196 0.794376 0.030858 0.052000
0 0.364967 0.718388 0.049234 0.038145
0 0.739525 0.825564 0.065938 0.041885
0 0.430315 0.798728 0.046853 0.057645
0 0.355427 0.807150 0.030914 0.058955
0 0.389310 0.808488 0.034054 0.061246
0 0.269852 0.795374 0.032304 0.060339
0 0.201824 0.635463 0.044134 0.031437
0 0.164120 0.789923 0.040348 0.065697
0 0.899346 0.922905 0.058750 0.040115
