1 0.215322 0.955333 0.102131 0.088933
0 0.764800 0.938636 0.069547 0.051605
0 0.751439 0.866675 0.060450 0.043128
0 0.686138 0.943513 0.065497 0.049753
0 0.061765 0.689288 0.053149 0.042376
0 0.232230 0.792229 0.032264 0.053627
0 0.298524 0.681278 0.046594 0.041305
0 0.504315 0.794057 0.087672 0.058150
0 0.429658 0.799616 0.046724 0.056891
0 0.739272 0.825326 0.065795 0.041757
0 0.284413 0.750519 0.055427 0.043245
0 0.355619 0.807231 0.030586 0.059289
0 0.364707 0.718099 0.047363 0.038517
0 0.389076 0.808741 0.034020 0.059326
0 0.269769 0.793767 0.032707 0.063096
0 0.201733 0.634661 0.044226 0.032085
0 0.899170 0.923434 0.058405 0.040229
0 0.416119 0.760077 0.047412 0.044333
0 0.321647 0.801136 0.032730 0.066792
