1 0.216154 0.954968 0.102201 0.089178
0 0.298731 0.681153 0.047209 0.040744
0 0.751295 0.866612 0.060290 0.042920
0 0.232336 0.792323 0.032003 0.053083
0 0.686335 0.943429 0.065052 0.049702
0 0.365053 0.718456 0.048654 0.037750
0 0.764911 0.938960 0.069736 0.050665
0 0.739159 0.825413 0.065873 0.041875
0 0.270372 0.793782 0.033494 0.063296
0 0.202231 0.634597 0.043194 0.030503
0 0.504615 0.794019 0.089101 0.061955
0 0.355840 0.807282 0.030458 0.057946
0 0.899848 0.922685 0.058136 0.039033
0 0.321806 0.800543 0.033095 0.067620
