1 0.215875 0.955233 0.102660 0.089232
0 0.764852 0.938974 0.069476 0.051061
0 0.751530 0.866714 0.060584 0.042795
0 0.686489 0.943251 0.066106 0.049768
0 0.365231 0.718499 0.049284 0.038483
0 0.231757 0.792750 0.031477 0.052978
0 0.298139 0.681645 0.046664 0.040359
0 0.250480 0.724979 0.051595 0.043435
0 0.504152 0.793779 0.087727 0.058603
0 0.429800 0.799123 0.047107 0.058859
0 0.270170 0.794264 0.033325 0.062528
0 0.739584 0.825395 0.066303 0.042038
0 0.201711 0.634556 0.044406 0.031799
0 0.355187 0.806720 0.030512 0.059265
0 0.389196 0.808920 0.034037 0.060449
0 0.148767 0.615464 0.044710 0.035038
0 0.321552 0.800303 0.033142 0.068087
0 0.899678 0.922983 0.058499 0.039778
1 0.053600 0.522704 0.027922 0.033356
0 0.163609 0.790279 0.040122 0.065226
0 0.195511 0.785642 0.036395 0.067652
