1 0.215445 0.956018 0.102138 0.087965
0 0.503047 0.792805 0.084960 0.054698
0 0.751616 0.867826 0.060210 0.042347
0 0.764905 0.940315 0.069338 0.050856
0 0.299638 0.683150 0.048155 0.040752
0 0.686175 0.944983 0.064613 0.048274
0 0.365314 0.719138 0.048085 0.038385
0 0.231869 0.791696 0.032264 0.055702
0 0.591100 0.792154 0.055233 0.044536
0 0.270399 0.794887 0.032785 0.064822
0 0.202813 0.635187 0.044087 0.029508
0 0.025985 0.724495 0.051205 0.045856
0 0.429985 0.800918 0.047061 0.057949
0 0.389408 0.809577 0.033878 0.061021
0 0.355040 0.808296 0.030157 0.057555
1 0.364747 0.720869 0.048940 0.034709
0 0.320983 0.801867 0.033035 0.067912
