1 0.216002 0.955529 0.102594 0.088942
0 0.231947 0.792562 0.032166 0.053439
0 0.765034 0.938965 0.069377 0.051129
0 0.686414 0.943389 0.065228 0.049518
0 0.751620 0.866661 0.060701 0.043184
0 0.365203 0.718420 0.049062 0.038151
0 0.298427 0.682012 0.046697 0.040565
0 0.270096 0.793801 0.033224 0.063322
0 0.504278 0.793335 0.087635 0.058037
0 0.739199 0.825472 0.065312 0.041922
0 0.430014 0.799297 0.046577 0.057829
0 0.284888 0.732166 0.054270 0.040393
0 0.355252 0.807078 0.030644 0.058963
0 0.201804 0.634593 0.044267 0.031480
0 0.389110 0.808896 0.034260 0.060856
0 0.149224 0.615252 0.044829 0.034440
0 0.321425 0.800784 0.033146 0.067581
0 0.899615 0.923221 0.058591 0.039648
0 0.172932 0.896032 0.072505 0.072088
