0 0.299032 0.682792 0.046495 0.038824
0 0.764838 0.940380 0.068909 0.050146
1 0.215614 0.955871 0.103257 0.088257
0 0.751490 0.868074 0.060430 0.042480
0 0.504456 0.796225 0.087954 0.060995
0 0.201284 0.635631 0.045685 0.031793
0 0.232150 0.794894 0.031575 0.052708
1 0.363927 0.722291 0.050517 0.031979
0 0.189406 0.745923 0.061420 0.047516
0 0.685935 0.945003 0.064565 0.047525
0 0.270421 0.796266 0.032497 0.060973
1 0.163198 0.791079 0.041396 0.061758
0 0.163259 0.791095 0.038900 0.064547
0 0.389016 0.808882 0.034738 0.063148
0 0.365164 0.719269 0.048621 0.038555
0 0.738939 0.826207 0.063427 0.041583
0 0.429952 0.800518 0.047066 0.058396
0 0.392463 0.685831 0.050656 0.039550
0 0.320817 0.802158 0.033027 0.067381
0 0.355800 0.806663 0.030481 0.060960
