1 0.216019 0.956092 0.101935 0.087817
0 0.751944 0.868287 0.060282 0.041590
0 0.501034 0.789515 0.079917 0.046407
0 0.686255 0.944684 0.064390 0.047997
0 0.764845 0.940463 0.068841 0.050726
0 0.299069 0.682947 0.048793 0.040671
0 0.062327 0.690724 0.053618 0.042876
0 0.232025 0.792725 0.031749 0.051935
0 0.382468 0.761079 0.055848 0.041870
0 0.738887 0.826111 0.063484 0.042219
0 0.505419 0.796553 0.090623 0.061143
0 0.270430 0.795036 0.032516 0.061684
0 0.428682 0.801899 0.049405 0.057809
0 0.899042 0.923630 0.058828 0.038687
