0 0.382712 0.757239 0.056607 0.046499
1 0.216187 0.955648 0.103749 0.088705
0 0.504316 0.795541 0.088227 0.061825
0 0.764817 0.940154 0.068594 0.051051
0 0.751740 0.868392 0.058526 0.042057
0 0.298499 0.681365 0.047179 0.042387
0 0.231887 0.792935 0.032028 0.054419
0 0.685351 0.944015 0.066491 0.047076
0 0.355069 0.807896 0.030123 0.057358
0 0.270278 0.794346 0.032641 0.063781
0 0.363875 0.718667 0.046483 0.040303
0 0.201559 0.635156 0.045425 0.033396
0 0.739400 0.826008 0.066805 0.040138
0 0.194910 0.786003 0.035523 0.070875
1 0.036796 0.737925 0.073593 0.072571
0 0.428113 0.801262 0.048334 0.056226
0 0.669711 0.829656 0.062203 0.070922
