0 0.751764 0.867927 0.060270 0.042125
1 0.216142 0.956018 0.102054 0.087964
0 0.299042 0.683229 0.047187 0.041074
0 0.504315 0.790679 0.090535 0.058575
0 0.686006 0.944494 0.065628 0.047879
0 0.764629 0.940074 0.069083 0.049912
0 0.201699 0.634850 0.045069 0.032312
0 0.062831 0.691892 0.052810 0.045134
0 0.740000 0.826005 0.067617 0.039632
0 0.231911 0.793334 0.032088 0.053043
0 0.364629 0.719410 0.047165 0.039271
0 0.429383 0.800389 0.047607 0.058229
0 0.355795 0.807217 0.030899 0.059531
0 0.388917 0.808956 0.033535 0.060255
0 0.270248 0.795525 0.032614 0.061080
0 0.672388 0.818818 0.068353 0.046988
0 0.504927 0.802116 0.093031 0.069547
0 0.898693 0.924113 0.059259 0.039036
0 0.321220 0.801826 0.033672 0.067887
