1 0.216126 0.955238 0.102491 0.089014
0 0.298615 0.681401 0.047202 0.041686
0 0.232463 0.792355 0.031527 0.053340
0 0.765091 0.939128 0.069339 0.051514
0 0.686286 0.943615 0.065277 0.049427
0 0.751429 0.866672 0.060599 0.043298
0 0.429761 0.799112 0.046965 0.057084
0 0.504164 0.793256 0.087154 0.058172
0 0.739318 0.825282 0.065678 0.041994
0 0.355401 0.806465 0.031124 0.060166
0 0.270158 0.794488 0.032759 0.060959
0 0.167297 0.742454 0.060704 0.047227
0 0.163927 0.789761 0.039550 0.064432
0 0.202009 0.634381 0.045489 0.033001
0 0.365074 0.718612 0.049276 0.036053
0 0.389052 0.808568 0.033495 0.061025
0 0.359609 0.692514 0.050309 0.045009
0 0.321408 0.800401 0.032820 0.067901
0 0.899562 0.922800 0.058603 0.040126
