1 0.216342 0.955169 0.102300 0.089153
0 0.298879 0.681228 0.047628 0.040856
0 0.751784 0.866703 0.060900 0.042963
0 0.765055 0.938856 0.069491 0.051142
0 0.231993 0.792286 0.032399 0.053586
0 0.365258 0.718065 0.049071 0.039200
0 0.686632 0.943451 0.065833 0.049869
0 0.504394 0.793757 0.087697 0.058136
0 0.270050 0.794308 0.033209 0.062087
0 0.739528 0.824724 0.065692 0.043236
0 0.202075 0.634186 0.044859 0.030416
0 0.355639 0.807176 0.030562 0.058360
0 0.899612 0.922946 0.058647 0.038781
0 0.321447 0.800463 0.033305 0.068075
1 0.091393 0.443773 0.024313 0.049488
