1 0.215964 0.955141 0.102151 0.089455
0 0.298464 0.681807 0.046991 0.041566
0 0.765017 0.938844 0.069579 0.051226
0 0.751565 0.866850 0.060019 0.043471
0 0.686283 0.943452 0.065485 0.050017
0 0.232134 0.792506 0.031561 0.053769
0 0.365029 0.718322 0.049256 0.039424
0 0.220235 0.716751 0.050274 0.045146
0 0.429839 0.798850 0.046950 0.058032
0 0.504488 0.794183 0.088226 0.062762
0 0.739451 0.825518 0.065532 0.042065
0 0.270145 0.794289 0.033014 0.063010
0 0.355557 0.807023 0.030188 0.059422
0 0.389392 0.808522 0.034130 0.061297
1 0.031418 0.549645 0.035560 0.041256
0 0.163903 0.789582 0.040140 0.065095
1 0.072842 0.495747 0.027522 0.036679
0 0.899349 0.922947 0.058316 0.039973
0 0.194511 0.785815 0.035024 0.067058
0 0.673038 0.818467 0.066323 0.049523
