1 0.215607 0.955566 0.101609 0.088867
0 0.298701 0.681844 0.047245 0.042167
0 0.365130 0.718344 0.048498 0.038773
0 0.199148 0.680903 0.052100 0.045022
0 0.429826 0.798850 0.047624 0.057759
0 0.764617 0.938551 0.068594 0.050497
0 0.686116 0.943799 0.065953 0.049540
1 0.125547 0.404502 0.029273 0.047499
0 0.751442 0.866549 0.059744 0.041763
0 0.232246 0.792094 0.031957 0.052579
0 0.503905 0.793460 0.090508 0.063659
0 0.269884 0.794486 0.033363 0.060508
0 0.355266 0.806576 0.030662 0.059638
0 0.389167 0.807909 0.034449 0.061936
1 0.605771 0.890238 0.036439 0.068282
0 0.321528 0.800401 0.033047 0.067592
