0 0.503874 0.794108 0.085496 0.057453
0 0.751915 0.867623 0.059004 0.042136
0 0.765193 0.940008 0.069355 0.050378
1 0.215974 0.955980 0.101655 0.088041
0 0.298611 0.681794 0.046972 0.042347
0 0.686156 0.944934 0.065231 0.049019
0 0.206350 0.735564 0.075893 0.056741
1 0.163224 0.790574 0.043051 0.060191
0 0.738831 0.825956 0.063466 0.042209
0 0.364739 0.718448 0.048492 0.040457
0 0.232342 0.793054 0.031262 0.053924
0 0.270499 0.795036 0.032799 0.063184
0 0.429958 0.800612 0.047369 0.059351
0 0.474274 0.709038 0.046584 0.037407
0 0.389190 0.808931 0.034338 0.061568
0 0.355729 0.807555 0.030636 0.059690
0 0.474920 0.712847 0.051821 0.050055
1 0.124838 0.176913 0.039985 0.049096
