1 0.215625 0.955921 0.102856 0.088158
0 0.764824 0.940658 0.068980 0.050809
0 0.751868 0.868027 0.059731 0.042549
0 0.685893 0.944327 0.066193 0.048488
0 0.238348 0.709870 0.046387 0.042691
0 0.299684 0.682169 0.048218 0.043917
0 0.504955 0.792240 0.088877 0.057483
0 0.231985 0.793783 0.031639 0.053266
0 0.104627 0.734372 0.054718 0.044502
0 0.201207 0.634717 0.044844 0.033304
0 0.355811 0.807539 0.030945 0.058267
0 0.430400 0.800465 0.047785 0.058913
0 0.475729 0.717177 0.052650 0.055135
0 0.526303 0.780138 0.057131 0.047593
0 0.270452 0.795288 0.032284 0.063013
0 0.364265 0.719315 0.047512 0.040252
0 0.164053 0.791341 0.039795 0.065853
