1 0.215978 0.955342 0.101552 0.088818
0 0.686298 0.944193 0.064867 0.049465
0 0.764858 0.938974 0.068912 0.050856
0 0.429704 0.799528 0.046737 0.056777
0 0.231564 0.793788 0.030519 0.051120
0 0.751234 0.866726 0.060354 0.043463
0 0.374966 0.751314 0.048373 0.041363
0 0.298783 0.681512 0.047102 0.041739
0 0.061680 0.689496 0.053044 0.042597
0 0.249915 0.746940 0.054804 0.041902
0 0.504102 0.793462 0.087450 0.057956
0 0.739221 0.825384 0.066006 0.041814
0 0.354845 0.807473 0.030158 0.058502
0 0.389338 0.808697 0.033285 0.060346
0 0.270214 0.794446 0.031748 0.062756
0 0.201774 0.634540 0.044742 0.032141
0 0.899301 0.923117 0.057932 0.040444
0 0.195348 0.785267 0.036394 0.068149
