1 0.215819 0.955497 0.101495 0.089006
0 0.298982 0.681734 0.046710 0.041278
0 0.764992 0.938848 0.069225 0.050928
0 0.429648 0.799327 0.047136 0.057358
0 0.686593 0.944034 0.064521 0.049140
0 0.751549 0.866847 0.060518 0.043557
0 0.232277 0.792365 0.031865 0.052561
0 0.364844 0.718294 0.048804 0.040058
0 0.060916 0.689240 0.051319 0.040781
0 0.504463 0.794301 0.088968 0.063386
0 0.270286 0.794688 0.033000 0.061116
0 0.739407 0.825027 0.066183 0.041901
0 0.355628 0.807373 0.030683 0.059327
0 0.201759 0.634729 0.043838 0.031580
0 0.389575 0.808717 0.033940 0.061500
0 0.899445 0.922798 0.059304 0.040527
