1 0.215707 0.955423 0.103065 0.089129
0 0.299320 0.682638 0.047372 0.042728
0 0.752023 0.867193 0.060400 0.043614
0 0.365237 0.718861 0.047967 0.039505
0 0.686922 0.944068 0.065356 0.049869
0 0.430215 0.799271 0.046451 0.058570
0 0.233007 0.792988 0.031853 0.054575
0 0.765017 0.939766 0.068975 0.050445
0 0.145584 0.703391 0.050262 0.043407
0 0.504812 0.794748 0.088052 0.060703
0 0.739541 0.825963 0.065900 0.042464
0 0.270828 0.794752 0.032909 0.062459
0 0.201901 0.634814 0.044117 0.033137
0 0.356033 0.807684 0.030657 0.059681
1 0.042680 0.726303 0.060705 0.045756
0 0.389667 0.808912 0.033975 0.061986
0 0.195528 0.785372 0.036219 0.069807
0 0.547081 0.765632 0.052732 0.042158
0 0.671511 0.825712 0.067336 0.062862
0 0.163711 0.790806 0.038602 0.065878
1 0.114208 0.450309 0.026328 0.032246
1 0.041717 0.530028 0.029241 0.038727
