0 0.751356 0.867951 0.059942 0.042951
0 0.276307 0.742882 0.051786 0.052669
1 0.215138 0.956031 0.101757 0.087938
0 0.764481 0.939842 0.068478 0.051039
1 0.039188 0.725288 0.064609 0.044466
0 0.231881 0.793660 0.031395 0.056053
0 0.298636 0.682112 0.047727 0.041752
0 0.504826 0.792626 0.089258 0.055848
0 0.685932 0.945561 0.065569 0.048387
0 0.270154 0.795094 0.032303 0.063819
0 0.739259 0.826148 0.066162 0.040482
0 0.041647 0.726343 0.055726 0.045641
0 0.426119 0.733104 0.043246 0.048235
0 0.383045 0.763986 0.052855 0.048223
0 0.670989 0.830133 0.063670 0.070409
0 0.194733 0.786195 0.036294 0.070707
0 0.898650 0.923423 0.056703 0.039671
