1 0.216079 0.955359 0.102437 0.088884
0 0.298729 0.681493 0.047410 0.041753
0 0.685530 0.943900 0.065604 0.049514
0 0.764673 0.938729 0.069483 0.051669
0 0.429735 0.799288 0.047118 0.057559
0 0.751403 0.866640 0.060409 0.043282
0 0.231945 0.792049 0.031825 0.053296
0 0.365226 0.718064 0.048780 0.039153
0 0.504486 0.793882 0.088639 0.060177
0 0.738912 0.825288 0.065450 0.041769
0 0.576419 0.776337 0.063509 0.043711
0 0.270080 0.793880 0.033124 0.061483
0 0.201510 0.634478 0.043738 0.031611
0 0.355460 0.807042 0.030868 0.059353
0 0.389336 0.808219 0.034342 0.061473
0 0.321177 0.800213 0.033136 0.067281
0 0.149039 0.615207 0.044935 0.034189
0 0.672578 0.818409 0.067521 0.048794
0 0.899070 0.922639 0.058821 0.040317
