1 0.215899 0.955291 0.102146 0.088908
0 0.298678 0.681746 0.046747 0.041940
0 0.764923 0.939029 0.069706 0.051507
0 0.365018 0.718695 0.048673 0.038219
0 0.751351 0.866387 0.060812 0.043484
0 0.232285 0.792228 0.032127 0.052720
0 0.686335 0.943523 0.065712 0.049355
0 0.429868 0.798877 0.047248 0.057577
0 0.739156 0.825526 0.065516 0.041797
0 0.504159 0.793436 0.087165 0.058642
0 0.355280 0.807518 0.031067 0.058213
0 0.270259 0.794109 0.033185 0.062671
0 0.202549 0.634790 0.044435 0.031863
0 0.389241 0.808147 0.033995 0.061268
0 0.899263 0.923079 0.059142 0.040765
0 0.321400 0.800539 0.033010 0.067908
