1 0.215765 0.955071 0.102335 0.089507
0 0.298840 0.682033 0.047144 0.041367
0 0.751533 0.866787 0.060889 0.043608
0 0.765033 0.938928 0.069175 0.051492
0 0.686254 0.943753 0.065680 0.049048
0 0.430036 0.799345 0.047090 0.058218
0 0.365340 0.718628 0.049109 0.038920
0 0.232341 0.791922 0.031745 0.052911
0 0.504347 0.793703 0.087403 0.058643
0 0.739176 0.825403 0.065391 0.042125
0 0.355381 0.807117 0.030852 0.059702
0 0.270470 0.794075 0.032731 0.061674
0 0.389830 0.809292 0.033903 0.059842
0 0.164536 0.705753 0.046127 0.037464
0 0.899447 0.923109 0.058642 0.040076
0 0.321540 0.800422 0.033237 0.067589
0 0.202391 0.634711 0.043400 0.030877
