1 0.215759 0.955099 0.103000 0.089570
0 0.232325 0.792931 0.031344 0.052365
0 0.751534 0.866868 0.059694 0.042968
0 0.686330 0.943590 0.065425 0.049767
0 0.364790 0.718213 0.048894 0.039521
0 0.764802 0.939171 0.067958 0.050751
0 0.429855 0.799113 0.046954 0.058143
0 0.299204 0.682508 0.046639 0.042188
0 0.186571 0.705472 0.047434 0.039814
0 0.270448 0.794603 0.032526 0.061440
0 0.504929 0.787172 0.088276 0.069446
0 0.355515 0.807393 0.031016 0.058873
0 0.738624 0.825529 0.064935 0.042815
0 0.389712 0.808292 0.033935 0.061613
0 0.163785 0.789858 0.039275 0.066640
0 0.671158 0.820613 0.062685 0.052640
0 0.194925 0.785330 0.034910 0.068698
0 0.476708 0.714044 0.054181 0.050453
0 0.899433 0.922764 0.058780 0.040357
