1 0.215597 0.955316 0.102337 0.089368
0 0.299031 0.681747 0.047123 0.042348
0 0.765029 0.938856 0.069217 0.051112
0 0.686266 0.943969 0.065422 0.049786
0 0.751794 0.866902 0.060695 0.043050
0 0.365360 0.718421 0.048774 0.039342
0 0.232431 0.792429 0.031749 0.053202
0 0.430067 0.799441 0.047261 0.057820
0 0.504570 0.793970 0.087640 0.058568
0 0.270342 0.794916 0.033029 0.061834
0 0.355492 0.807430 0.030794 0.058743
0 0.739687 0.825665 0.065928 0.041950
0 0.202271 0.635220 0.043535 0.031754
0 0.389643 0.808791 0.033985 0.060935
0 0.321690 0.800404 0.032776 0.067625
1 0.076534 0.477718 0.027699 0.035457
0 0.899657 0.923141 0.058866 0.039833
