0 0.765547 0.939802 0.069500 0.049974
0 0.751857 0.867736 0.059872 0.042313
0 0.504524 0.797651 0.087538 0.063916
0 0.298686 0.682980 0.046975 0.040513
0 0.209873 0.703087 0.040179 0.042406
0 0.686302 0.944418 0.064574 0.049155
1 0.216058 0.955784 0.101610 0.088433
0 0.365523 0.719036 0.049358 0.039075
0 0.739694 0.825997 0.067459 0.039796
0 0.232240 0.794550 0.031399 0.053875
0 0.430310 0.799908 0.047480 0.059240
0 0.202629 0.635129 0.043978 0.029586
1 0.364685 0.719793 0.049066 0.037037
0 0.270304 0.794810 0.032647 0.063387
