0 0.167185 0.741161 0.054407 0.042967
1 0.041079 0.726565 0.058111 0.046070
0 0.751975 0.868336 0.058931 0.042827
0 0.764757 0.940524 0.068697 0.050841
0 0.231992 0.793749 0.031779 0.054259
0 0.566029 0.796635 0.053524 0.059713
0 0.686388 0.945324 0.065419 0.049496
1 0.215684 0.956163 0.102455 0.087674
1 0.567739 0.795256 0.050446 0.057230
0 0.270335 0.795087 0.032737 0.063217
0 0.201842 0.634049 0.045397 0.033923
0 0.164406 0.791424 0.038565 0.067616
0 0.507768 0.799228 0.095284 0.070726
1 0.523377 0.802019 0.128773 0.073459
0 0.319222 0.704178 0.047759 0.042416
0 0.430088 0.800441 0.046746 0.059039
0 0.041771 0.727158 0.053165 0.045062
0 0.355938 0.807267 0.031044 0.060266
0 0.364409 0.719143 0.048075 0.040752
0 0.293464 0.681980 0.033129 0.038704
0 0.196170 0.788006 0.034925 0.066249
0 0.307387 0.697460 0.024678 0.044280
0 0.389662 0.809632 0.034018 0.061300
0 0.670211 0.828633 0.061990 0.066474
