1 0.215765 0.955446 0.101715 0.089077
0 0.232087 0.792061 0.032228 0.053409
0 0.686568 0.943887 0.065290 0.049969
0 0.764804 0.938687 0.069096 0.051351
0 0.751429 0.866850 0.060733 0.043423
0 0.061844 0.689604 0.053389 0.042023
0 0.298730 0.681737 0.047025 0.041746
0 0.504222 0.793802 0.087098 0.057283
0 0.429789 0.799520 0.047650 0.056297
0 0.273941 0.750001 0.053440 0.042745
0 0.739199 0.825754 0.065528 0.041860
0 0.405937 0.757985 0.049886 0.043903
0 0.355381 0.807128 0.030642 0.059818
0 0.270148 0.794005 0.032690 0.062170
0 0.388853 0.808897 0.033187 0.059925
0 0.202268 0.634297 0.044885 0.032440
0 0.899504 0.923152 0.058336 0.040443
0 0.321600 0.799875 0.032528 0.068810
