1 0.215920 0.954990 0.102763 0.089273
0 0.298665 0.681445 0.046956 0.041299
0 0.686062 0.943247 0.065651 0.049826
0 0.764770 0.938951 0.069646 0.050995
0 0.751513 0.866713 0.060150 0.043070
0 0.231972 0.792443 0.031883 0.052425
0 0.365463 0.718077 0.049171 0.038861
0 0.504247 0.793503 0.087366 0.058633
0 0.739519 0.825516 0.066397 0.041435
0 0.201989 0.634476 0.043996 0.031452
0 0.270155 0.793143 0.033421 0.063372
0 0.355356 0.807528 0.031032 0.058162
0 0.899250 0.922895 0.058388 0.039438
0 0.321127 0.800308 0.033016 0.068076
