0 0.764199 0.940424 0.067398 0.050343
0 0.751913 0.867849 0.058981 0.041742
1 0.215615 0.955828 0.102281 0.088345
0 0.221227 0.742358 0.042426 0.038039
0 0.298402 0.681512 0.048023 0.042354
0 0.505383 0.797055 0.088645 0.061159
0 0.232283 0.794841 0.030859 0.052308
0 0.686395 0.943732 0.065327 0.048270
0 0.270545 0.795314 0.032654 0.063381
0 0.895483 0.923786 0.069382 0.038570
1 0.047921 0.501270 0.027528 0.035049
0 0.355401 0.807995 0.030491 0.057204
0 0.365211 0.718780 0.048743 0.038992
0 0.171310 0.893712 0.071342 0.063803
0 0.203305 0.635084 0.044556 0.029555
0 0.740015 0.825917 0.067966 0.039430
0 0.163583 0.790433 0.041248 0.065512
1 0.364589 0.719970 0.049354 0.036429
0 0.474011 0.712712 0.049747 0.047607
