0 0.178483 0.740952 0.054359 0.042526
1 0.041630 0.726087 0.058850 0.044884
1 0.215001 0.955625 0.104587 0.088749
0 0.751473 0.868204 0.059915 0.042424
0 0.364573 0.718636 0.047855 0.039048
0 0.764851 0.940561 0.068967 0.050944
0 0.232493 0.794966 0.030990 0.052628
0 0.507183 0.798163 0.092974 0.065791
0 0.295275 0.681241 0.039502 0.040017
0 0.270557 0.794917 0.032343 0.062873
0 0.163936 0.791017 0.038894 0.065594
0 0.429909 0.800466 0.046538 0.059891
1 0.529491 0.802129 0.141886 0.077682
0 0.355603 0.807974 0.030909 0.058240
0 0.201314 0.634835 0.044869 0.033518
0 0.389039 0.808747 0.034875 0.062394
1 0.563950 0.801815 0.065843 0.066513
0 0.195715 0.787697 0.034785 0.068014
0 0.326961 0.703076 0.042681 0.039559
0 0.569401 0.801034 0.051427 0.063315
0 0.321277 0.801414 0.032218 0.068551
1 0.105378 0.454619 0.032180 0.030294
0 0.899459 0.924159 0.057310 0.039454
