0 0.501926 0.788940 0.081874 0.048540
0 0.298781 0.682537 0.047473 0.039233
0 0.764706 0.939751 0.068475 0.049308
0 0.752288 0.867061 0.060206 0.040829
1 0.215464 0.955873 0.103617 0.088253
0 0.686000 0.943415 0.066681 0.048265
0 0.504439 0.798747 0.087878 0.067573
0 0.232158 0.792713 0.032284 0.054239
0 0.203177 0.635794 0.045425 0.029766
0 0.365342 0.719099 0.049570 0.038577
0 0.270215 0.794940 0.032759 0.064061
0 0.898835 0.923799 0.054194 0.037643
0 0.355273 0.807125 0.030522 0.058882
0 0.321240 0.801567 0.032760 0.068175
0 0.739901 0.826051 0.069192 0.039686
