1 0.215541 0.954976 0.102755 0.089547
0 0.764851 0.938870 0.069284 0.050751
0 0.751343 0.866675 0.060070 0.042902
0 0.364792 0.718107 0.048484 0.038949
0 0.429766 0.799088 0.046839 0.057714
0 0.686407 0.943548 0.065241 0.049640
0 0.231837 0.792235 0.031729 0.053173
0 0.298692 0.681403 0.046586 0.041201
0 0.504204 0.793589 0.087324 0.058066
0 0.739271 0.825380 0.065383 0.042015
0 0.269899 0.793827 0.032975 0.062071
0 0.355456 0.806727 0.030480 0.059635
0 0.389198 0.808087 0.034365 0.061815
0 0.282043 0.742527 0.072512 0.060078
0 0.899494 0.923254 0.058330 0.039370
