1 0.078060 0.459437 0.031243 0.048155
1 0.215816 0.956157 0.101633 0.087686
0 0.764700 0.939214 0.070084 0.050869
0 0.752332 0.868096 0.059440 0.042123
0 0.501494 0.793285 0.082833 0.053550
0 0.250962 0.659882 0.047755 0.046994
0 0.298561 0.683016 0.048057 0.038292
1 0.127211 0.409152 0.025651 0.034030
0 0.685689 0.944289 0.066267 0.049008
0 0.364590 0.718407 0.048110 0.040262
0 0.503971 0.800733 0.091948 0.069276
0 0.596260 0.813865 0.032992 0.062031
0 0.428957 0.800247 0.048325 0.057764
1 0.596691 0.814606 0.034513 0.061528
0 0.739241 0.825758 0.067029 0.039825
0 0.231870 0.792773 0.032121 0.053683
0 0.270371 0.794629 0.032705 0.062723
0 0.388457 0.808671 0.034566 0.060772
0 0.202434 0.634530 0.044163 0.031166
0 0.149958 0.616868 0.046175 0.033734
