0 0.750885 0.867689 0.060958 0.041161
0 0.765039 0.940261 0.068463 0.049182
1 0.215726 0.955858 0.103869 0.088283
0 0.503721 0.791803 0.086623 0.050779
0 0.261455 0.721105 0.052872 0.044958
0 0.298468 0.682525 0.048122 0.041606
0 0.686451 0.945365 0.064734 0.046909
0 0.231675 0.793187 0.032278 0.052720
0 0.738662 0.825403 0.063574 0.042516
0 0.429492 0.800626 0.046433 0.059017
0 0.024722 0.685279 0.047303 0.040055
0 0.365004 0.718701 0.047812 0.039286
0 0.270251 0.796232 0.032503 0.060437
0 0.897782 0.923389 0.056889 0.038025
0 0.504243 0.795735 0.095719 0.066579
0 0.167215 0.892173 0.060759 0.062131
0 0.389085 0.808496 0.034502 0.063858
0 0.201502 0.634942 0.044712 0.032876
0 0.194894 0.786565 0.034633 0.068893
0 0.355471 0.808228 0.031005 0.057331
