0 0.299003 0.682637 0.048023 0.041293
0 0.504409 0.798245 0.088273 0.065077
0 0.765059 0.939850 0.069643 0.049130
0 0.752268 0.867840 0.059783 0.042050
0 0.365433 0.718470 0.049453 0.039952
0 0.231979 0.793121 0.031883 0.053975
1 0.216026 0.955911 0.101884 0.088177
0 0.686086 0.943805 0.065796 0.049265
0 0.201573 0.635606 0.044383 0.030150
0 0.429818 0.799963 0.046515 0.057803
0 0.270098 0.795312 0.032936 0.063755
0 0.205953 0.700926 0.039924 0.041039
0 0.355482 0.807675 0.031082 0.057807
0 0.389499 0.808368 0.034200 0.061509
1 0.364616 0.718323 0.049598 0.038160
0 0.474154 0.710383 0.047476 0.040528
