1 0.215333 0.955194 0.102605 0.089612
0 0.364844 0.718547 0.048791 0.039275
0 0.765001 0.938767 0.069748 0.051341
0 0.751655 0.867101 0.060378 0.042944
0 0.686404 0.943921 0.065007 0.049991
0 0.232127 0.792474 0.031431 0.054103
0 0.430002 0.798899 0.046787 0.058337
0 0.298831 0.681630 0.047163 0.042033
0 0.273501 0.747993 0.053549 0.044084
0 0.503856 0.793179 0.086281 0.057455
1 0.042469 0.724519 0.060828 0.046619
0 0.355667 0.807122 0.030605 0.059862
0 0.270093 0.794658 0.031634 0.061774
1 0.587703 0.822966 0.046139 0.066520
0 0.389526 0.808652 0.034135 0.061177
0 0.195241 0.784638 0.036037 0.068839
0 0.201873 0.634571 0.044157 0.032948
0 0.899439 0.922951 0.058624 0.040151
0 0.587973 0.823037 0.046515 0.066783
