0 0.765288 0.940287 0.069136 0.050877
1 0.215798 0.955981 0.103171 0.088039
0 0.504470 0.794062 0.088075 0.056540
0 0.299607 0.682142 0.048938 0.042954
0 0.751184 0.867461 0.061948 0.042166
0 0.685873 0.945406 0.064874 0.046805
0 0.232053 0.794776 0.032007 0.053483
0 0.365068 0.718991 0.048393 0.039056
0 0.061712 0.689608 0.052771 0.040245
0 0.899422 0.923635 0.057970 0.038666
0 0.739876 0.825613 0.067912 0.039370
0 0.270444 0.794087 0.032609 0.064354
0 0.355054 0.808024 0.031419 0.058576
0 0.429354 0.800707 0.046567 0.057799
0 0.206902 0.715463 0.045785 0.041573
0 0.321212 0.801696 0.032800 0.068214
