1 0.215621 0.955866 0.102785 0.088268
0 0.752094 0.867672 0.059096 0.041613
0 0.764873 0.940172 0.068735 0.050258
0 0.504380 0.795803 0.087878 0.061756
0 0.298419 0.682131 0.046114 0.039459
0 0.231635 0.792454 0.032260 0.053316
0 0.274542 0.750400 0.072791 0.056054
0 0.686030 0.943628 0.064677 0.050265
0 0.739173 0.825652 0.063848 0.042955
0 0.270233 0.795445 0.031845 0.060820
0 0.900004 0.924172 0.057572 0.038842
0 0.365206 0.718509 0.049166 0.040218
0 0.430226 0.800642 0.046737 0.058089
1 0.125774 0.175883 0.042259 0.047434
