1 0.215921 0.955283 0.102283 0.089224
0 0.751304 0.866632 0.059904 0.043138
0 0.298807 0.681479 0.047184 0.040936
0 0.365091 0.717904 0.048730 0.039659
0 0.429733 0.798857 0.047375 0.058048
0 0.764656 0.938824 0.068199 0.050162
0 0.685940 0.943561 0.065921 0.050634
0 0.504350 0.794127 0.088373 0.061687
0 0.739166 0.825458 0.065718 0.041835
0 0.232406 0.792386 0.032434 0.052713
0 0.355555 0.807473 0.030167 0.058499
0 0.270194 0.794750 0.032947 0.061425
0 0.389262 0.809065 0.034125 0.060077
0 0.146543 0.742609 0.063861 0.048066
1 0.164163 0.789643 0.040191 0.062599
0 0.201881 0.634376 0.044856 0.032240
0 0.672260 0.818298 0.067047 0.049650
1 0.036927 0.725115 0.057978 0.045519
0 0.595177 0.785013 0.032709 0.055914
1 0.054825 0.482817 0.027440 0.050633
1 0.593805 0.785349 0.032799 0.055530
0 0.321602 0.800494 0.032995 0.067294
0 0.899298 0.922574 0.057941 0.039600
