0 0.503206 0.794407 0.086807 0.060233
0 0.751178 0.868290 0.059684 0.042536
0 0.298125 0.682576 0.048157 0.041187
0 0.764705 0.939895 0.068697 0.049979
1 0.216707 0.955833 0.101061 0.088335
0 0.269645 0.729820 0.054382 0.039150
0 0.365569 0.718379 0.049718 0.039634
0 0.232083 0.792731 0.031825 0.054688
0 0.685685 0.943825 0.066280 0.049019
0 0.269748 0.796494 0.032840 0.060717
0 0.739280 0.825665 0.067827 0.039767
0 0.428497 0.799917 0.047756 0.058257
0 0.201120 0.634556 0.045083 0.031354
1 0.125348 0.176257 0.040216 0.048434
1 0.364623 0.718606 0.049110 0.037143
