1 0.215828 0.955010 0.103129 0.089657
0 0.765082 0.939194 0.069166 0.051645
0 0.686785 0.943938 0.065487 0.050076
0 0.751670 0.867300 0.060248 0.043545
0 0.365152 0.718326 0.047917 0.039143
0 0.429933 0.799244 0.046986 0.057372
0 0.232483 0.792807 0.031796 0.053656
0 0.159720 0.740382 0.053396 0.046159
0 0.506463 0.795424 0.091879 0.063989
0 0.163883 0.789294 0.038844 0.065794
0 0.270262 0.794590 0.032456 0.061376
1 0.041601 0.724483 0.059001 0.046409
0 0.355861 0.807384 0.030041 0.059137
0 0.311769 0.705368 0.046311 0.037666
0 0.561565 0.791152 0.054111 0.055718
0 0.389615 0.808369 0.033796 0.061821
0 0.201811 0.634496 0.043519 0.032779
0 0.670832 0.821362 0.062962 0.054816
0 0.294976 0.677653 0.038199 0.034401
0 0.899454 0.922789 0.058093 0.040351
0 0.194804 0.785765 0.034636 0.068888
1 0.507784 0.796517 0.097958 0.068295
