0 0.750808 0.868080 0.059710 0.042463
1 0.214741 0.955939 0.104393 0.088122
0 0.764821 0.940150 0.068383 0.050495
0 0.685501 0.944257 0.066006 0.049539
0 0.299416 0.682013 0.048142 0.042511
0 0.043263 0.726215 0.053082 0.044839
0 0.232074 0.792699 0.031714 0.054463
0 0.739038 0.826246 0.066224 0.043587
0 0.364273 0.718505 0.048047 0.039667
0 0.201673 0.634203 0.044926 0.033779
1 0.041929 0.724794 0.058652 0.043795
0 0.434334 0.771174 0.055430 0.048815
0 0.270510 0.795028 0.032650 0.063914
0 0.898709 0.923970 0.057648 0.039973
0 0.512147 0.802878 0.076522 0.064522
0 0.473422 0.710047 0.047462 0.041400
0 0.167911 0.891746 0.062761 0.060566
0 0.321524 0.801098 0.032304 0.069105
