1 0.215577 0.955910 0.102449 0.088180
0 0.764479 0.940358 0.069257 0.049951
0 0.299034 0.682617 0.047527 0.042777
1 0.043099 0.725646 0.059654 0.046942
0 0.201185 0.635140 0.044634 0.032217
0 0.751358 0.867760 0.060369 0.042105
0 0.231831 0.791322 0.031864 0.056727
0 0.364052 0.719004 0.047277 0.039966
0 0.503373 0.788164 0.083802 0.054916
0 0.685601 0.945081 0.064956 0.048032
0 0.270352 0.795242 0.032809 0.062483
0 0.470735 0.759767 0.053370 0.029179
0 0.504677 0.799162 0.089405 0.061622
0 0.388715 0.808969 0.034019 0.061757
0 0.429428 0.799754 0.046138 0.058313
0 0.194769 0.786362 0.035784 0.070549
0 0.739391 0.825866 0.067501 0.040413
0 0.171892 0.897156 0.071341 0.074299
0 0.163727 0.790614 0.039227 0.068563
