1 0.215903 0.955190 0.102341 0.089032
0 0.764897 0.939007 0.069271 0.051363
0 0.751431 0.866885 0.060235 0.043420
0 0.686303 0.943436 0.065719 0.049874
0 0.232057 0.792501 0.032160 0.053955
0 0.364872 0.718247 0.048725 0.039598
0 0.298286 0.681822 0.047061 0.042221
0 0.270264 0.794972 0.032934 0.061543
0 0.272797 0.724767 0.049587 0.041660
0 0.429635 0.799047 0.047117 0.058415
0 0.739103 0.825393 0.065679 0.041715
0 0.502780 0.792831 0.084727 0.056903
0 0.355456 0.807438 0.030157 0.059102
1 0.048332 0.527214 0.031429 0.041096
0 0.389381 0.808251 0.034180 0.061718
0 0.201940 0.634438 0.044110 0.031798
1 0.577212 0.807544 0.075665 0.060739
0 0.321512 0.801128 0.032489 0.067347
0 0.899241 0.922903 0.059044 0.039579
