0 0.751298 0.867711 0.059916 0.042663
1 0.215737 0.955985 0.101703 0.088029
0 0.764963 0.939881 0.069512 0.050086
0 0.298904 0.682748 0.047584 0.042526
0 0.685849 0.944867 0.066607 0.047746
0 0.505990 0.795171 0.090329 0.061776
0 0.231873 0.793367 0.032057 0.053407
0 0.062267 0.691052 0.051411 0.043625
0 0.739559 0.826336 0.067666 0.040407
0 0.355184 0.807670 0.030321 0.058129
0 0.365321 0.719214 0.048721 0.038578
0 0.270361 0.795315 0.032584 0.062738
0 0.203114 0.634754 0.044259 0.030881
0 0.389179 0.809283 0.034608 0.059647
