1 0.215782 0.954726 0.102766 0.090548
0 0.298707 0.681735 0.046867 0.042165
0 0.751324 0.866578 0.060196 0.043326
0 0.764570 0.939105 0.069484 0.051863
0 0.364820 0.718289 0.048196 0.038876
0 0.686256 0.943967 0.064616 0.050017
0 0.429838 0.799205 0.047263 0.058684
0 0.232485 0.792370 0.031903 0.053603
0 0.177336 0.708449 0.051194 0.042535
0 0.505204 0.794434 0.090371 0.063686
0 0.739301 0.825341 0.065976 0.042335
0 0.355466 0.806908 0.030620 0.059879
0 0.389172 0.808503 0.033973 0.061107
0 0.270276 0.794018 0.032453 0.061910
0 0.163909 0.789659 0.039533 0.066705
1 0.059606 0.509550 0.029546 0.037037
1 0.043545 0.725442 0.057935 0.046006
0 0.201885 0.634576 0.044173 0.032049
0 0.194892 0.786538 0.035114 0.065592
1 0.505403 0.795778 0.093982 0.067125
1 0.565744 0.753792 0.042223 0.050198
