0 0.764432 0.940726 0.068590 0.050654
0 0.751845 0.867834 0.060333 0.041924
0 0.504986 0.795588 0.090401 0.068215
0 0.685936 0.945006 0.065870 0.048128
0 0.299499 0.683418 0.047107 0.038639
1 0.216277 0.955826 0.102758 0.088349
0 0.250541 0.709386 0.045134 0.041934
0 0.112481 0.736439 0.054489 0.042418
0 0.527967 0.781729 0.055756 0.048136
0 0.899255 0.924301 0.058726 0.039388
0 0.737607 0.826761 0.066773 0.042596
0 0.355335 0.807190 0.031490 0.060319
0 0.430456 0.799953 0.047599 0.058146
0 0.389638 0.809171 0.034350 0.061611
0 0.231928 0.793135 0.031767 0.054532
0 0.201426 0.634516 0.044143 0.032793
0 0.476317 0.718275 0.053338 0.056830
