1 0.039257 0.726790 0.060928 0.045032
0 0.752108 0.868319 0.059889 0.042759
1 0.215605 0.955761 0.103083 0.088478
0 0.765105 0.940722 0.068918 0.050816
1 0.505876 0.802531 0.099416 0.071869
0 0.686370 0.944371 0.065042 0.048783
0 0.150466 0.740671 0.056499 0.046488
0 0.509329 0.797589 0.097485 0.061914
0 0.232069 0.792746 0.031817 0.053666
0 0.300438 0.705562 0.044987 0.039977
0 0.270336 0.795027 0.032737 0.063941
0 0.364415 0.719864 0.049035 0.037795
0 0.899726 0.924036 0.057404 0.039638
0 0.194997 0.787001 0.035607 0.069320
0 0.164493 0.791690 0.039196 0.066923
0 0.430246 0.800833 0.047426 0.058152
0 0.389103 0.809736 0.034441 0.060448
0 0.355830 0.806857 0.030616 0.060536
0 0.556527 0.787834 0.053047 0.053087
