1 0.216181 0.955185 0.102139 0.089186
0 0.298748 0.681695 0.047288 0.040006
0 0.751441 0.866413 0.060514 0.042807
0 0.764746 0.938550 0.069252 0.050709
0 0.686463 0.943362 0.065318 0.049506
0 0.232191 0.792331 0.032072 0.053099
0 0.365172 0.717586 0.049118 0.039400
0 0.270198 0.794229 0.033151 0.062147
0 0.739241 0.825189 0.065758 0.041849
0 0.505033 0.795577 0.089257 0.061458
0 0.355577 0.807245 0.030563 0.058296
0 0.202202 0.634319 0.044513 0.031685
0 0.899496 0.923005 0.057697 0.038650
0 0.321594 0.800075 0.033183 0.067971
