0 0.751611 0.867941 0.060837 0.043091
1 0.215642 0.956014 0.104138 0.087971
0 0.504620 0.794187 0.087547 0.056467
0 0.764939 0.940645 0.068931 0.050534
0 0.298887 0.683315 0.047751 0.041751
0 0.686185 0.944378 0.064283 0.049411
1 0.504289 0.802618 0.096900 0.067064
1 0.042798 0.726201 0.058846 0.045379
0 0.232000 0.792774 0.031930 0.054517
0 0.171276 0.707989 0.051997 0.041292
0 0.364445 0.719029 0.047515 0.040058
0 0.042885 0.726423 0.053558 0.043816
0 0.563437 0.757422 0.045717 0.051174
0 0.429997 0.799902 0.047425 0.059062
0 0.270368 0.794692 0.032923 0.064769
0 0.355432 0.807320 0.030518 0.059363
0 0.507290 0.804264 0.085787 0.068226
0 0.389036 0.809355 0.034134 0.060359
