0 0.505131 0.794684 0.090271 0.063771
0 0.298875 0.681776 0.049260 0.041890
0 0.764910 0.939846 0.068753 0.049665
1 0.216372 0.956030 0.101190 0.087941
0 0.751873 0.867709 0.058811 0.041431
0 0.685934 0.944607 0.066130 0.047857
0 0.231740 0.793373 0.032391 0.052804
0 0.202789 0.635074 0.044040 0.030304
0 0.270392 0.794201 0.032470 0.063663
0 0.364794 0.719134 0.047118 0.037723
0 0.173208 0.897454 0.071967 0.073518
0 0.738932 0.825181 0.064338 0.043450
0 0.355533 0.807985 0.031002 0.056854
0 0.194710 0.785747 0.035376 0.069552
0 0.163993 0.790470 0.040769 0.066034
