1 0.216296 0.955161 0.101989 0.089439
0 0.298823 0.681861 0.046612 0.041538
0 0.764920 0.938959 0.069213 0.051095
0 0.364926 0.718111 0.049162 0.039055
0 0.685472 0.943204 0.065881 0.049215
0 0.751404 0.866753 0.059942 0.043440
0 0.232425 0.792563 0.031739 0.052855
0 0.504156 0.793772 0.087443 0.059022
0 0.429699 0.799329 0.047007 0.057982
0 0.739246 0.825403 0.065266 0.041717
0 0.164257 0.738411 0.057070 0.048148
0 0.164063 0.789257 0.039509 0.064856
0 0.355341 0.807561 0.030466 0.058740
0 0.270387 0.793695 0.032429 0.063906
0 0.389188 0.808490 0.034024 0.061149
0 0.201987 0.634592 0.044688 0.032469
0 0.899505 0.923086 0.057851 0.040345
1 0.036550 0.726018 0.061532 0.046261
0 0.321211 0.799835 0.033091 0.068981
0 0.618817 0.955932 0.036065 0.081279
