0 0.504368 0.793762 0.087442 0.055438
1 0.216312 0.955911 0.100283 0.088178
0 0.764968 0.940327 0.069367 0.051119
0 0.751716 0.868399 0.059728 0.042463
0 0.298795 0.683014 0.048481 0.040737
0 0.685288 0.944782 0.065955 0.048747
0 0.232291 0.794892 0.030555 0.053115
1 0.608738 0.878663 0.039939 0.069488
0 0.365344 0.718942 0.049611 0.040645
1 0.055339 0.486736 0.028428 0.043700
0 0.270368 0.795756 0.032583 0.061453
0 0.201453 0.634993 0.045146 0.031854
0 0.103338 0.733822 0.055726 0.043656
0 0.430254 0.800009 0.047146 0.058146
1 0.364594 0.719222 0.049880 0.039445
0 0.899799 0.923370 0.057277 0.039075
0 0.354725 0.809913 0.030416 0.058214
0 0.473978 0.712790 0.047839 0.045302
1 0.170708 0.368389 0.028267 0.041682
0 0.389556 0.809108 0.034216 0.062363
