1 0.215650 0.955459 0.101703 0.089082
0 0.751231 0.866763 0.060193 0.043600
0 0.365230 0.718451 0.048597 0.038148
0 0.298388 0.681839 0.047730 0.041696
0 0.685970 0.943897 0.065023 0.049043
0 0.764779 0.938858 0.069250 0.051316
0 0.429669 0.798983 0.047406 0.058385
0 0.270162 0.795040 0.032859 0.061003
0 0.061722 0.689492 0.052914 0.041833
0 0.232347 0.793335 0.031743 0.052231
0 0.504295 0.793468 0.087593 0.059130
0 0.274320 0.730667 0.046460 0.040385
0 0.739360 0.825359 0.065608 0.042355
0 0.183770 0.739918 0.054608 0.042889
0 0.355524 0.806904 0.030637 0.059495
0 0.389139 0.808164 0.034240 0.061094
0 0.163877 0.789508 0.039472 0.062274
1 0.100536 0.432895 0.030012 0.051887
0 0.201991 0.634255 0.043902 0.031439
0 0.321549 0.800425 0.032677 0.067904
0 0.899188 0.922940 0.058466 0.040196
