1 0.216231 0.955148 0.102390 0.089380
0 0.298717 0.681518 0.047515 0.041609
0 0.232117 0.792015 0.032531 0.053829
0 0.764791 0.938844 0.069651 0.051431
0 0.686296 0.943313 0.066003 0.050081
0 0.365245 0.718244 0.049752 0.037958
0 0.751580 0.866532 0.061304 0.043333
0 0.504325 0.793327 0.087272 0.058168
0 0.269917 0.794372 0.033228 0.061885
0 0.201811 0.634493 0.045273 0.031328
0 0.739516 0.825313 0.066348 0.042480
0 0.355474 0.806888 0.031234 0.058930
0 0.899703 0.923041 0.058122 0.039458
0 0.321544 0.799948 0.033339 0.068567
