1 0.216514 0.955381 0.101579 0.088942
0 0.232273 0.792451 0.032653 0.053731
0 0.764856 0.939057 0.069430 0.051200
0 0.686034 0.943649 0.065332 0.049686
0 0.751680 0.866639 0.060866 0.042833
0 0.298071 0.746535 0.041835 0.037179
0 0.298460 0.681423 0.045386 0.040174
0 0.365306 0.718240 0.048283 0.037393
0 0.504361 0.793663 0.087360 0.058393
0 0.739348 0.825583 0.065770 0.041611
0 0.201554 0.634354 0.043573 0.031230
0 0.269596 0.794277 0.031742 0.062534
0 0.355363 0.807049 0.030589 0.057271
0 0.900535 0.923319 0.056827 0.038738
0 0.321634 0.800340 0.033041 0.067344
0 0.163929 0.789979 0.040751 0.064745
