1 0.215837 0.955061 0.102622 0.089624
0 0.298748 0.681757 0.047208 0.042062
0 0.751251 0.866716 0.060390 0.043624
0 0.686306 0.943532 0.065066 0.049877
0 0.232392 0.792129 0.032119 0.053027
0 0.764756 0.938940 0.069659 0.051607
0 0.365040 0.717875 0.049111 0.039141
0 0.504182 0.793922 0.087813 0.058616
0 0.429487 0.798736 0.047057 0.057460
0 0.738833 0.825210 0.065844 0.042099
0 0.355261 0.807094 0.031144 0.059564
0 0.806158 0.792254 0.055023 0.042392
0 0.270263 0.793968 0.033209 0.063300
0 0.201670 0.634729 0.044125 0.031878
0 0.389082 0.808113 0.033665 0.061210
0 0.321129 0.800293 0.033180 0.068131
0 0.899095 0.922962 0.059064 0.040208
