0 0.751776 0.868098 0.059198 0.042224
1 0.215991 0.956190 0.103548 0.087621
0 0.299199 0.683066 0.048356 0.042445
0 0.764041 0.939947 0.068013 0.050340
0 0.502424 0.789444 0.085371 0.045186
0 0.685993 0.945375 0.064301 0.047859
0 0.526208 0.768278 0.055790 0.040336
0 0.500064 0.794096 0.082355 0.063355
0 0.232215 0.793146 0.031565 0.054301
1 0.043437 0.726227 0.060097 0.045896
0 0.430033 0.800341 0.046902 0.058217
0 0.364582 0.719132 0.047112 0.038598
0 0.270450 0.795343 0.032390 0.063083
0 0.671370 0.832581 0.067623 0.075649
0 0.201940 0.634183 0.045033 0.033811
0 0.194987 0.786868 0.036220 0.068938
1 0.028763 0.548327 0.030501 0.038752
0 0.389499 0.809563 0.034303 0.060538
