1 0.215852 0.955930 0.101253 0.088140
0 0.191316 0.685435 0.051319 0.043799
0 0.298906 0.682181 0.048666 0.042636
1 0.190178 0.685796 0.050149 0.042744
1 0.607769 0.909745 0.039683 0.066011
1 0.130789 0.398135 0.026694 0.046301
0 0.764356 0.940070 0.068152 0.050214
0 0.685934 0.944863 0.064570 0.047538
0 0.364249 0.718877 0.046885 0.038350
0 0.505230 0.794574 0.090189 0.063407
0 0.428958 0.800541 0.045673 0.055586
0 0.232080 0.792790 0.031917 0.053995
0 0.751312 0.867779 0.061217 0.041965
0 0.355690 0.807224 0.030833 0.059131
0 0.270406 0.794157 0.032772 0.062883
