1 0.215758 0.954816 0.103358 0.090322
0 0.764885 0.939301 0.069322 0.051304
0 0.751406 0.867085 0.060532 0.043165
0 0.686278 0.943943 0.065441 0.049876
0 0.183078 0.740646 0.054047 0.044895
0 0.232726 0.792799 0.031314 0.053006
0 0.429944 0.798905 0.047008 0.058468
0 0.364625 0.718742 0.048535 0.039219
0 0.505611 0.794796 0.090321 0.061719
0 0.296235 0.680533 0.042198 0.040497
0 0.270534 0.794554 0.032074 0.061724
0 0.571341 0.800597 0.052996 0.061820
0 0.355612 0.806800 0.030644 0.059664
1 0.042623 0.724485 0.060243 0.045455
0 0.201626 0.634306 0.044623 0.032964
0 0.163741 0.790281 0.038947 0.064250
0 0.389449 0.808149 0.033864 0.061712
0 0.899234 0.923092 0.058649 0.040513
0 0.670964 0.821486 0.062297 0.054873
1 0.101021 0.455269 0.032137 0.032967
