0 0.216027 0.709432 0.047839 0.043117
1 0.215556 0.955980 0.102550 0.088040
0 0.751909 0.867758 0.060578 0.042149
0 0.503133 0.785727 0.085448 0.053865
0 0.764517 0.940267 0.068336 0.050385
0 0.685995 0.945090 0.066289 0.048239
0 0.299233 0.683707 0.047001 0.039637
0 0.089508 0.734117 0.052821 0.043346
0 0.364462 0.718825 0.047530 0.039144
0 0.232190 0.794854 0.031311 0.054056
0 0.671140 0.830232 0.063754 0.072615
0 0.511933 0.768583 0.053664 0.024845
0 0.504596 0.794382 0.090996 0.072665
0 0.429870 0.800140 0.046701 0.057669
0 0.355810 0.808166 0.030656 0.057732
0 0.389650 0.809784 0.034745 0.061161
0 0.177202 0.902754 0.081022 0.088381
1 0.089007 0.733964 0.053000 0.042496
0 0.476550 0.716397 0.053024 0.052911
0 0.203563 0.634406 0.048174 0.032276
