1 0.215951 0.955261 0.102934 0.089478
0 0.298810 0.681604 0.047280 0.042101
0 0.686494 0.943781 0.064962 0.049692
0 0.764981 0.939076 0.069070 0.051089
0 0.751443 0.866500 0.060057 0.043326
0 0.429926 0.799314 0.047200 0.057852
0 0.365145 0.718841 0.048514 0.038575
0 0.232214 0.792155 0.031627 0.053015
0 0.504820 0.794395 0.089392 0.062710
0 0.270115 0.794843 0.033068 0.061316
0 0.739499 0.824970 0.066428 0.042376
0 0.355608 0.807127 0.030618 0.059263
0 0.061769 0.689379 0.052859 0.042057
0 0.389559 0.808379 0.034385 0.061547
0 0.202245 0.635158 0.045493 0.031619
0 0.899468 0.923258 0.058651 0.040389
0 0.321446 0.800168 0.032642 0.068014
