1 0.216010 0.955172 0.101850 0.089657
0 0.298853 0.681776 0.046797 0.041852
0 0.764881 0.938989 0.069195 0.051511
0 0.751402 0.866758 0.060386 0.043376
0 0.686495 0.943752 0.064757 0.048793
0 0.365071 0.718268 0.048703 0.038507
0 0.429650 0.799051 0.047317 0.057871
0 0.232191 0.792358 0.031156 0.052706
0 0.504374 0.793564 0.087659 0.058404
0 0.739191 0.825501 0.065344 0.042064
0 0.186232 0.709339 0.045588 0.038787
0 0.355908 0.807394 0.030092 0.058541
0 0.270039 0.793769 0.033091 0.062945
0 0.389342 0.809076 0.033491 0.060114
0 0.899514 0.922676 0.058454 0.039810
