0 0.752428 0.867652 0.059720 0.041264
1 0.215833 0.956084 0.102258 0.087832
0 0.298863 0.683194 0.047804 0.039405
0 0.764750 0.939997 0.068342 0.049963
0 0.685867 0.944225 0.066058 0.048553
0 0.504737 0.798001 0.088543 0.064272
0 0.201543 0.634962 0.044287 0.030912
0 0.231679 0.792627 0.032460 0.054947
0 0.389462 0.756688 0.042079 0.039810
0 0.739096 0.825698 0.064149 0.042951
0 0.899360 0.923220 0.053248 0.035902
0 0.270178 0.794636 0.033000 0.063668
0 0.475018 0.712407 0.049021 0.045117
0 0.173734 0.898353 0.071614 0.071948
0 0.148958 0.616349 0.044131 0.033829
0 0.362832 0.718731 0.044650 0.039811
