1 0.215573 0.954807 0.104003 0.090385
0 0.751438 0.866853 0.060301 0.042958
0 0.764680 0.938730 0.069497 0.051536
0 0.298482 0.681818 0.047760 0.042460
0 0.364562 0.718333 0.048914 0.039343
0 0.686660 0.943950 0.065070 0.049782
0 0.232475 0.792865 0.032103 0.053970
0 0.214734 0.713736 0.052068 0.044606
0 0.430061 0.798973 0.047477 0.058172
0 0.505256 0.794524 0.089966 0.061395
0 0.739405 0.825296 0.065936 0.042087
0 0.355329 0.807243 0.030992 0.059769
0 0.270058 0.794889 0.032416 0.061333
0 0.389047 0.808291 0.033885 0.061883
0 0.163729 0.790548 0.039753 0.066201
0 0.194168 0.785773 0.036756 0.068537
1 0.079789 0.485359 0.027985 0.035886
1 0.575754 0.729924 0.031287 0.052361
0 0.201529 0.634211 0.043725 0.032520
1 0.505353 0.795611 0.093295 0.064579
