1 0.216120 0.955070 0.102646 0.089443
0 0.751549 0.866554 0.060324 0.043072
0 0.299044 0.681932 0.046715 0.039484
0 0.686546 0.943301 0.066228 0.049568
0 0.232171 0.792306 0.032006 0.053315
0 0.764966 0.938868 0.069000 0.050406
0 0.365015 0.718026 0.049314 0.039208
0 0.739252 0.825477 0.065652 0.041830
0 0.269950 0.793899 0.033147 0.063007
0 0.505024 0.795326 0.089661 0.061779
0 0.201764 0.634629 0.043504 0.030220
0 0.355535 0.807484 0.030393 0.058033
0 0.899881 0.923036 0.058827 0.039579
0 0.321658 0.800503 0.033081 0.068066
