1 0.215407 0.955458 0.101476 0.088708
0 0.764623 0.938850 0.069463 0.051754
0 0.298611 0.682006 0.047026 0.041137
0 0.750704 0.866747 0.059561 0.042705
0 0.685434 0.943393 0.066607 0.049103
0 0.172239 0.690451 0.054392 0.043144
0 0.365287 0.717950 0.048246 0.038748
0 0.232147 0.792624 0.031491 0.052818
0 0.505016 0.794243 0.086903 0.057458
0 0.355467 0.807155 0.030843 0.058777
0 0.269896 0.794199 0.033008 0.061428
1 0.141517 0.384599 0.026691 0.043408
0 0.611486 0.941404 0.041004 0.072951
0 0.738644 0.825539 0.065460 0.042622
0 0.389322 0.807883 0.033863 0.061097
1 0.040396 0.725790 0.065946 0.046340
0 0.202225 0.634046 0.044681 0.031521
0 0.430141 0.799316 0.045414 0.057617
0 0.321251 0.800218 0.032962 0.067657
