1 0.095765 0.441018 0.029482 0.047169
1 0.215726 0.956295 0.100652 0.087409
0 0.503873 0.793858 0.087669 0.066711
1 0.598379 0.829160 0.035060 0.062176
0 0.765416 0.939600 0.069389 0.050074
0 0.299206 0.681506 0.047766 0.042694
0 0.233297 0.667647 0.051704 0.047131
0 0.751616 0.868125 0.059321 0.042670
0 0.685948 0.945467 0.067067 0.048810
0 0.232072 0.794313 0.031368 0.054911
0 0.429141 0.800513 0.046710 0.058073
0 0.365030 0.718997 0.047744 0.038942
0 0.270253 0.795596 0.032719 0.061928
0 0.739985 0.825803 0.068698 0.039684
0 0.195116 0.785803 0.035426 0.069782
0 0.355425 0.807821 0.030368 0.058635
0 0.389255 0.809138 0.034433 0.062246
