1 0.215802 0.955398 0.101659 0.089127
0 0.686510 0.943715 0.065053 0.049693
0 0.429669 0.799072 0.047432 0.057363
0 0.764750 0.939157 0.069322 0.051395
0 0.751124 0.866710 0.060436 0.043624
0 0.299055 0.681968 0.047743 0.041617
0 0.062065 0.689329 0.053104 0.041591
0 0.232306 0.791730 0.031865 0.053812
0 0.355529 0.806859 0.029375 0.058543
0 0.270032 0.794277 0.033178 0.062522
0 0.739358 0.825285 0.065734 0.041854
0 0.356778 0.757703 0.054554 0.042534
0 0.504430 0.793379 0.089245 0.064893
0 0.364246 0.718919 0.048833 0.039405
0 0.389133 0.808134 0.033727 0.060966
0 0.201937 0.634967 0.044941 0.031941
0 0.899439 0.923105 0.058758 0.039992
1 0.930088 0.748055 0.033295 0.051359
