0 0.250812 0.742235 0.058264 0.045703
0 0.751682 0.867677 0.059948 0.042201
0 0.505064 0.799742 0.090610 0.067237
0 0.298558 0.682480 0.047300 0.039918
0 0.764888 0.940520 0.068529 0.050035
1 0.216085 0.955926 0.103402 0.088148
0 0.232039 0.795045 0.031908 0.053057
0 0.685450 0.944196 0.067307 0.047688
1 0.041307 0.725613 0.065079 0.047835
0 0.364826 0.718680 0.048317 0.039401
0 0.738985 0.826130 0.063921 0.041848
0 0.355270 0.807703 0.030827 0.059101
0 0.900348 0.923407 0.057183 0.039263
0 0.389268 0.808369 0.033904 0.060858
0 0.476533 0.713516 0.058006 0.053497
0 0.195161 0.786361 0.036671 0.069737
