1 0.216018 0.955332 0.102741 0.088908
0 0.298778 0.681102 0.047152 0.040611
0 0.751230 0.866530 0.060550 0.043208
0 0.764760 0.938805 0.069848 0.051294
0 0.231855 0.792023 0.032437 0.053504
0 0.686173 0.942860 0.066261 0.049570
0 0.365272 0.718230 0.049185 0.038363
0 0.504205 0.793543 0.087167 0.058080
0 0.269928 0.793373 0.033368 0.063144
0 0.201530 0.634287 0.044247 0.030967
0 0.355694 0.807275 0.030861 0.058141
0 0.899505 0.922841 0.058116 0.038990
0 0.737644 0.825161 0.063480 0.042874
0 0.321559 0.800358 0.033477 0.067605
