1 0.215988 0.955206 0.102476 0.088809
0 0.232082 0.792801 0.031455 0.052354
0 0.764898 0.938908 0.069507 0.050841
0 0.751324 0.866867 0.060045 0.043096
0 0.247138 0.720448 0.049698 0.045264
0 0.686583 0.943725 0.065153 0.049550
0 0.298665 0.681941 0.046894 0.041131
0 0.365323 0.717876 0.049385 0.039856
0 0.739307 0.825531 0.065782 0.042222
0 0.429938 0.798950 0.047001 0.057043
0 0.504571 0.793627 0.088350 0.058957
0 0.270305 0.795119 0.033279 0.061056
0 0.355292 0.806850 0.030180 0.059727
0 0.389483 0.808346 0.034276 0.061479
1 0.041261 0.537146 0.032204 0.040423
1 0.081201 0.484577 0.026726 0.034479
0 0.201781 0.634206 0.045127 0.033068
0 0.899200 0.923106 0.058374 0.039364
1 0.569224 0.796055 0.072047 0.059987
0 0.321726 0.800552 0.033014 0.067634
0 0.195599 0.785501 0.036288 0.068536
