0 0.169450 0.741693 0.055493 0.048110
0 0.751735 0.868042 0.059797 0.042693
0 0.764887 0.940562 0.068932 0.051521
1 0.041391 0.726146 0.057893 0.046290
1 0.215717 0.955954 0.102603 0.088092
0 0.686597 0.944820 0.064322 0.047035
0 0.201219 0.635407 0.045070 0.033930
0 0.508276 0.797413 0.094881 0.064560
0 0.232114 0.792311 0.031830 0.055356
0 0.567071 0.797578 0.053681 0.062304
0 0.429900 0.800223 0.047360 0.057919
0 0.364301 0.719713 0.047015 0.037574
1 0.569291 0.795774 0.050725 0.059307
0 0.164008 0.790575 0.037300 0.067811
0 0.195488 0.787437 0.035853 0.066564
1 0.528685 0.801368 0.139771 0.075087
0 0.292128 0.680966 0.035419 0.040644
0 0.355289 0.807841 0.029998 0.058154
0 0.389316 0.808781 0.033311 0.061096
